0.0  0 
0.001  24 
0.121  87 
0.143  127 
0.161  92 
0.181  53 
0.203  19 
0.226  0 
0.235  0 
0.258  0 
0.282  0 
0.296  0 
0.32  0 
0.346  0 
0.367  0 
0.381  0 
0.405  0 
0.418  0 
0.442  0 
0.466  0 
0.48  0 
0.503  0 
0.527  0 
0.551  0 
0.565  0 
0.588  0 
0.611  0 
0.633  0 
0.642  0 
0.668  0 
0.692  0 
0.706  4 
0.73  43 
0.753  92 
0.776  127 
0.798  117 
0.807  78 
0.836  34 
0.85  4 
0.874  0 
0.887  0 
0.911  0 
0.935  0 
0.948  0 
0.975  0 
0.997  0 
1.011  0 
1.035  0 
1.058  0 
1.082  0 
1.1  0 
1.122  0 
1.145  0 
1.165  0 
1.174  0 
1.197  0 
1.227  0 
1.236  0 
1.26  0 
1.283  0 
1.297  0 
1.321  0 
1.345  0 
1.362  24 
1.385  68 
1.407  107 
1.425  127 
1.447  73 
1.47  34 
1.487  4 
1.51  0 
1.519  0 
1.551  0 
1.567  0 
1.59  0 
1.612  0 
1.621  0 
1.645  0 
1.668  0 
1.682  0 
1.706  0 
1.73  0 
1.743  0 
1.768  0 
1.791  0 
1.815  0 
1.828  0 
1.856  0 
1.873  0 
1.896  0 
1.918  0 
1.936  0 
1.958  0 
1.967  0 
2.007  24 
2.022  68 
2.04  117 
2.062  127 
2.081  97 
2.102  63 
2.111  14 
2.135  0 
2.159  0 
2.172  0 
2.196  0 
2.22  0 
2.234  0 
2.257  0 
2.281  0 
2.305  0 
2.318  0 
2.341  0 
2.363  0 
2.386  0 
2.405  0 
2.422  0 
2.448  0 
2.466  0 
2.488  0 
2.507  0 
2.521  0 
2.545  0 
2.558  0 
2.582  0 
2.606  0 
2.62  9 
2.652  43 
2.661  87 
2.693  127 
2.702  97 
2.726  53 
2.75  19 
2.763  0 
2.787  0 
2.811  0 
2.833  0 
2.851  0 
2.87  0 
2.896  0 
2.913  0 
2.936  0 
2.958  0 
2.976  0 
2.99  0 
3.013  0 
3.027  0 
3.051  0 
3.075  0 
3.097  0 
3.121  0 
3.136  0 
3.158  0 
3.176  0 
3.198  0 
3.221  0 
3.244  0 
3.26  9 
3.282  48 
3.305  92 
3.322  127 
3.34  117 
3.362  83 
3.385  39 
3.402  4 
3.425  0 
3.447  0 
3.465  0 
3.487  0 
3.496  0 
3.52  0 
3.543  0 
3.557  0 
3.587  0 
3.605  0 
3.627  0 
3.65  0 
3.667  0 
3.69  0 
3.712  0 
3.73  0 
3.743  0 
3.767  0 
3.787  0 
3.801  0 
3.825  0 
3.848  0 
3.872  0 
3.886  0 
3.91  24 
3.934  68 
3.947  107 
3.971  131 
3.995  78 
4.009  34 
4.035  4 
4.048  0 
4.076  0 
4.093  0 
4.116  0 
4.138  0 
4.156  0 
4.178  0 
4.201  0 
4.218  0 
4.241  0 
4.253  0 
4.275  0 
4.298  0 
4.312  0 
4.336  0 
4.36  0 
4.373  0 
4.397  0 
4.421  0 
4.435  0 
4.461  0 
4.475  0 
4.498  0 
4.522  4 
4.536  29 
4.56  68 
4.582  117 
4.605  127 
4.627  102 
4.645  58 
4.667  19 
4.69  0 
4.707  0 
4.73  0 
4.752  0 
4.77  0 
4.783  0 
4.811  0 
4.837  0 
4.852  0 
4.861  0 
4.893  0 
4.902  0 
4.926  0 
4.95  0 
4.963  0 
4.987  0 
5.011  0 
5.025  0 
5.048  0 
5.079  0 
5.095  0 
5.117  0 
5.135  0 
5.157  0 
5.18  9 
5.197  48 
5.22  92 
5.239  127 
5.26  97 
5.273  58 
5.3  24 
5.312  0 
5.336  0 
5.36  0 
5.374  0 
5.397  0 
5.421  0 
5.435  0 
5.458  0 
5.482  0 
5.496  0 
5.52  0 
5.543  0 
5.566  0 
5.583  0 
5.606  0 
5.628  0 
5.646  0 
5.66  0 
5.679  0 
5.701  0 
5.725  0 
5.738  0 
5.762  0 
5.786  0 
5.8  14 
5.827  53 
5.85  97 
5.867  127 
5.89  117 
5.912  83 
5.93  39 
5.952  9 
5.975  0 
5.992  0 
6.006  0 
6.03  0 
6.052  0 
6.077  0 
6.092  0 
6.115  0 
6.137  0 
6.156  0 
6.18  0 
6.188  0 
6.212  0 
6.236  0 
6.25  0 
6.273  0 
6.298  0 
6.315  0 
6.35  0 
6.358  0 
6.381  0 
6.398  0 
6.421  0 
6.446  0 
6.461  29 
6.483  73 
6.506  107 
6.523  131 
6.546  78 
6.568  39 
6.577  4 
6.601  0 
6.615  0 
6.642  0 
6.656  0 
6.68  0 
6.703  0 
6.717  0 
6.741  0 
6.765  0 
6.788  0 
6.806  0 
6.827  0 
6.85  0 
6.87  0 
6.892  0 
6.91  0 
6.923  0 
6.947  0 
6.961  0 
6.985  0 
7.008  0 
7.022  0 
7.046  0 
7.07  4 
7.098  34 
7.116  73 
7.138  117 
7.156  127 
7.17  102 
7.194  63 
7.207  24 
7.231  0 
7.255  0 
7.277  0 
7.302  0 
7.317  0 
7.331  0 
7.355  0 
7.368  0 
7.392  0 
7.416  0 
7.43  0 
7.453  0 
7.477  0 
7.491  0 
7.515  0 
7.542  0 
7.563  0 
7.586  0 
7.594  0 
7.627  0 
7.636  0 
7.66  0 
7.684  0 
7.697  0 
7.721  14 
7.745  53 
7.759  92 
7.785  127 
7.804  97 
7.83  63 
7.847  24 
7.861  0 
7.885  0 
7.899  0 
7.922  0 
7.946  0 
7.96  0 
7.984  0 
8.007  0 
8.03  0 
8.052  0 
8.061  0 
8.086  0 
8.109  0 
8.122  0 
8.146  0 
8.17  0 
8.184  0 
8.207  0 
8.231  0 
8.255  0 
8.269  0 
8.298  0 
8.313  0 
8.336  0 
8.353  19 
8.376  53 
8.399  102 
8.416  127 
8.438  112 
8.461  83 
8.478  43 
8.502  9 
8.516  0 
8.538  0 
8.561  0 
8.578  0 
8.599  0 
8.621  0 
8.643  0 
8.652  0 
8.676  0 
8.7  0 
8.714  0 
8.737  0 
8.764  0 
8.776  0 
8.8  0 
8.824  0 
8.837  0 
8.861  0 
8.885  0 
8.909  0 
8.922  0 
8.946  0 
8.96  0 
8.984  4 
9.007  34 
9.03  78 
9.052  112 
9.07  131 
9.09  83 
9.112  43 
9.126  9 
9.15  0 
9.164  0 
9.187  0 
9.211  0 
9.225  0 
9.249  0 
9.273  0 
9.286  0 
9.31  0 
9.334  0 
9.347  0 
9.371  0 
9.395  0 
9.409  0 
9.432  0 
9.456  0 
9.47  0 
9.494  0 
9.521  0 
9.538  0 
9.552  0 
9.576  0 
9.59  0 
9.614  4 
9.64  39 
9.663  83 
9.685  122 
9.694  127 
9.726  102 
9.743  68 
9.757  24 
9.781  0 
9.795  0 
9.819  0 
9.842  0 
9.856  0 
9.88  0 
9.904  0 
9.927  0 
9.942  0 
9.965  0 
9.989  0 
10.006  0 
10.029  0 
10.046  0 
10.068  0 
10.088  0 
10.108  0 
10.131  0 
10.14  0 
10.172  0 
10.19  0 
10.204  0 
10.227  0 
10.251  0 
10.269  19 
10.291  58 
10.314  97 
10.331  127 
10.354  97 
10.376  63 
10.394  24 
10.416  0 
10.441  0 
10.456  0 
10.47  0 
10.497  0 
10.515  0 
10.537  0 
10.56  0 
10.577  0 
10.6  0 
10.609  0 
10.641  0 
10.65  0 
10.674  0 
10.697  0 
10.711  0 
10.735  0 
10.757  0 
10.78  0 
10.802  0 
10.822  0 
10.845  0 
10.862  0 
10.885  0 
10.907  24 
10.925  63 
10.947  107 
10.97  127 
10.986  122 
11.009  83 
11.026  43 
11.049  14 
11.057  0 
11.081  0 
11.105  0 
11.119  0 
11.142  0 
11.166  0 
11.182  0 
11.206  0 
11.229  0 
11.251  0 
11.274  0 
11.291  0 
11.313  0 
11.322  0 
11.346  0 
11.37  0 
11.386  0 
11.409  0 
11.432  0 
11.468  0 
11.47  0 
11.496  0 
11.514  0 
11.535  9 
11.556  39 
11.579  78 
11.608  112 
11.621  131 
11.634  78 
11.665  43 
11.677  14 
11.691  0 
11.718  0 
11.739  0 
11.761  0 
11.784  0 
11.805  0 
11.812  0 
11.836  0 
11.86  0 
11.874  0 
11.897  0 
11.921  0 
11.935  0 
11.959  0 
11.981  0 
12.004  0 
12.023  0 
12.044  0 
12.066  0 
12.089  0 
12.106  0 
12.129  0 
12.137  0 
12.161  9 
12.188  43 
12.215  83 
12.23  122 
12.25  127 
12.271  102 
12.288  63 
12.313  29 
12.325  0 
12.349  0 
12.372  0 
12.391  0 
12.414  0 
12.431  0 
12.456  0 
12.471  0 
12.494  0 
12.507  0 
12.531  0 
12.555  0 
12.569  0 
12.592  0 
12.617  0 
12.63  0 
12.654  0 
12.677  0 
12.691  0 
12.719  0 
12.747  0 
12.762  0 
12.78  0 
12.794  0 
12.817  24 
12.831  63 
12.864  102 
12.883  131 
12.895  97 
12.919  63 
12.946  29 
12.964  4 
12.986  0 
13.004  0 
13.026  0 
13.035  0 
13.059  0 
13.082  0 
13.096  0 
13.12  0 
13.144  0 
13.157  0 
13.181  0 
13.209  0 
13.226  0 
13.249  0 
13.271  0 
13.291  0 
13.3  0 
13.324  0 
13.347  0 
13.361  0 
13.385  0 
13.409  0 
13.424  4 
13.446  29 
13.47  68 
13.494  112 
13.507  127 
13.531  117 
13.555  83 
13.569  43 
13.592  9 
13.616  0 
13.63  0 
13.654  0 
13.667  0 
13.701  0 
13.709  0 
13.732  0 
13.756  0 
13.77  0 
13.794  0 
13.817  0 
13.831  0 
13.857  0 
13.871  0 
13.895  0 
13.919  0 
13.941  0 
13.955  0 
13.979  0 
13.992  0 
14.027  0 
14.036  0 
14.06  0 
14.086  9 
14.099  43 
14.122  83 
14.146  117 
14.16  131 
14.182  83 
14.205  43 
14.227  14 
14.245  0 
14.267  0 
14.29  0 
14.315  0 
14.33  0 
14.339  0 
14.371  0 
14.38  0 
14.404  0 
14.432  0 
14.45  0 
14.472  0 
14.495  0 
14.512  0 
14.526  0 
14.55  0 
14.564  0 
14.587  0 
14.611  0 
14.635  0 
14.649  0 
14.672  0 
14.695  0 
14.717  14 
14.737  48 
14.76  92 
14.777  122 
14.801  122 
14.822  102 
14.84  63 
14.854  29 
14.877  4 
14.891  0 
14.915  0 
14.939  0 
14.952  0 
14.976  0 
15.0  0 
15.014  0 
15.037  0 
15.061  0 
15.075  0 
15.099  0 
15.122  0 
15.136  0 
15.163  0 
15.191  0 
15.206  0 
15.215  0 
15.247  0 
15.256  0 
15.28  0 
15.309  0 
15.317  0 
15.341  4 
15.365  29 
15.392  68 
15.415  102 
15.432  131 
15.455  102 
15.464  63 
15.487  29 
15.511  4 
15.525  0 
15.549  0 
15.572  0 
15.586  0 
15.61  0 
15.634  0 
15.659  0 
15.674  0 
15.696  0 
15.714  0 
15.736  0 
15.759  0 
15.776  0 
15.79  0 
15.814  0 
15.827  0 
15.851  0 
15.875  0 
15.899  0 
15.916  0 
15.939  0 
15.956  0 
15.979  9 
16.001  34 
16.026  78 
16.042  117 
16.064  131 
16.081  117 
16.104  87 
16.117  48 
16.141  19 
16.155  0 
16.179  0 
16.202  0 
16.216  0 
16.24  0 
16.257  0 
16.279  0 
16.302  0 
16.326  0 
16.34  0 
16.364  0 
16.386  0 
16.409  0 
16.431  0 
16.449  0 
16.465  0 
16.479  0 
16.502  0 
16.526  0 
16.55  0 
16.564  0 
16.587  0 
16.611  0 
16.625  19 
16.662  53 
16.666  92 
16.692  122 
16.715  131 
16.732  83 
16.755  48 
16.777  19 
16.795  0 
16.817  0 
16.826  0 
16.85  0 
16.88  0 
16.894  0 
16.917  0 
16.935  0 
16.957  0 
16.98  0 
16.997  0 
17.02  0 
17.042  0 
17.06  0 
17.074  0 
17.097  0 
17.111  0 
17.135  0 
17.161  0 
17.174  0 
17.197  0 
17.221  0 
17.235  4 
17.262  24 
17.284  58 
17.314  102 
17.329  127 
17.337  127 
17.365  102 
17.387  68 
17.405  29 
17.427  9 
17.45  0 
17.467  0 
17.49  0 
17.499  0 
17.522  0 
17.546  0 
17.56  0 
17.584  0 
17.606  0 
17.63  0 
17.654  0 
17.669  0 
17.688  0 
17.709  0 
17.732  0 
17.754  0 
17.771  0 
17.794  0 
17.816  0 
17.834  0 
17.847  0 
17.867  0 
17.9  14 
17.909  39 
17.932  78 
17.959  107 
17.98  141 
17.994  102 
18.017  68 
18.031  29 
18.055  9 
18.085  0 
18.1  0 
18.122  0 
18.14  0 
18.162  0 
18.171  0 
18.203  0 
18.212  0 
18.236  0 
18.26  0 
18.284  0 
18.297  0 
18.321  0 
18.346  0 
18.362  0 
18.399  0 
18.403  0 
18.43  0 
18.439  0 
18.465  0 
18.481  0 
18.505  0 
18.529  14 
18.542  43 
18.566  83 
18.586  122 
18.612  131 
18.631  117 
18.654  83 
18.672  48 
18.695  19 
18.709  0 
18.723  0 
18.745  0 
18.769  0 
18.795  0 
18.811  0 
18.834  0 
18.856  0 
18.879  0 
18.901  0 
18.904  0 
18.937  0 
18.946  0 
18.98  0 
18.989  0 
19.012  0 
19.036  0 
19.05  0 
19.08  0 
19.101  0 
19.119  0 
19.15  0 
19.158  4 
19.184  29 
19.199  58 
19.224  97 
19.245  122 
19.27  131 
19.285  87 
19.302  53 
19.323  19 
19.346  0 
19.364  0 
19.377  0 
19.401  0 
19.415  0 
19.439  0 
19.462  0 
19.476  0 
19.5  0 
19.527  0 
19.539  0 
19.562  0 
19.586  0 
19.603  0 
19.628  0 
19.64  0 
19.664  0 
19.687  0 
19.701  0 
19.725  0 
19.752  0 
19.767  0 
19.791  4 
19.814  29 
19.836  68 
19.859  107 
19.875  127 
19.897  127 
19.906  102 
19.93  68 
19.954  34 
19.97  9 
19.992  0 
20.016  0 
20.034  0 
20.06  0 
20.074  0 
20.095  0 
20.119  0 
20.14  0 
20.165  0 
20.19  0 
20.2  0 
20.217  0 
20.236  0 
20.261  0 
20.274  0 
20.297  0 
20.321  0 
20.335  0 
20.359  0 
20.382  0 
20.396  0 
20.427  0 
20.436  19 
20.463  43 
20.488  83 
20.5  112 
20.527  141 
20.553  102 
20.569  63 
20.599  29 
20.6  9 
20.622  0 
20.646  0 
20.66  0 
20.684  0 
20.707  0 
20.731  0 
20.745  0 
20.767  0 
20.79  0 
20.812  0 
20.83  0 
20.852  0 
20.875  0 
20.892  0 
20.906  0 
20.93  0 
20.944  0 
20.967  0 
20.991  0 
21.005  0 
21.032  0 
21.053  0 
21.074  19 
21.093  53 
21.125  87 
21.138  127 
21.168  131 
21.179  112 
21.204  83 
21.211  48 
21.238  19 
21.264  0 
21.281  0 
21.304  0 
21.322  0 
21.331  0 
21.356  0 
21.381  0 
21.395  0 
21.419  0 
21.442  0 
21.456  0 
21.48  0 
21.502  0 
21.525  0 
21.547  0 
21.565  0 
21.587  0 
21.596  0 
21.62  0 
21.644  0 
21.657  0 
21.681  0 
21.709  9 
21.722  34 
21.749  68 
21.77  102 
21.792  127 
21.817  127 
21.82  83 
21.843  48 
21.866  19 
21.89  0 
21.904  0 
21.927  0 
21.951  0 
21.974  0 
21.988  0 
22.011  0 
22.025  0 
22.049  0 
22.072  0 
22.086  0 
22.11  0 
22.134  0 
22.147  0 
22.171  0 
22.195  0 
22.219  0 
22.236  0 
22.259  0 
22.281  0 
22.299  0 
22.318  0 
22.344  14 
22.361  39 
22.375  73 
22.401  112 
22.422  131 
22.445  122 
22.462  97 
22.485  63 
22.503  34 
22.525  9 
22.534  0 
22.566  0 
22.575  0 
22.599  0 
22.622  0 
22.636  0 
22.66  0 
22.687  0 
22.705  0 
22.732  0 
22.749  0 
22.771  0 
22.789  0 
22.802  0 
22.826  0 
22.84  0 
22.867  0 
22.889  0 
22.902  0 
22.926  0 
22.95  0 
22.972  4 
22.993  24 
23.014  53 
23.036  87 
23.054  117 
23.077  141 
23.092  97 
23.12  63 
23.129  34 
23.153  9 
23.176  0 
23.194  0 
23.216  0 
23.239  0 
23.261  0 
23.279  0 
23.301  0 
23.319  0 
23.332  0 
23.356  0 
23.37  0 
23.394  0 
23.417  0 
23.441  0 
23.459  0 
23.481  0 
23.501  0 
23.524  0 
23.541  0 
23.564  0 
23.586  0 
23.604  4 
23.626  29 
23.653  58 
23.667  97 
23.681  127 
23.705  127 
23.719  107 
23.742  83 
23.769  48 
23.781  19 
23.805  0 
23.832  0 
23.857  0 
23.867  0 
23.889  0 
23.912  0 
23.934  0 
23.949  0 
23.971  0 
23.989  0 
24.011  0 
24.035  0 
24.052  0 
24.066  0 
24.09  0 
24.104  0 
24.127  0 
24.151  0 
24.168  0 
24.194  0 
24.216  0 
24.234  0 
24.267  14 
24.277  39 
24.298  73 
24.316  107 
24.337  131 
24.359  117 
24.384  78 
24.404  48 
24.411  19 
24.435  4 
24.459  0 
24.472  0 
24.496  0 
24.52  0 
24.534  0 
24.557  0 
24.585  0 
24.604  0 
24.616  0 
24.64  0 
24.662  0 
24.685  0 
24.71  0 
24.716  0 
24.739  0 
24.762  0 
24.786  0 
24.814  0 
24.821  0 
24.845  0 
24.872  0 
24.884  19 
24.911  48 
24.92  78 
24.952  117 
24.98  131 
24.983  122 
25.005  97 
25.032  63 
25.044  29 
25.067  9 
25.104  0 
25.106  0 
25.137  0 
25.152  0 
25.179  0 
25.194  0 
25.215  0 
25.236  0 
25.249  0 
25.272  0 
25.286  0 
25.31  0 
25.334  0 
25.367  0 
25.37  0 
25.395  0 
25.42  0 
25.45  0 
25.462  0 
25.482  0 
25.5  0 
25.514  9 
25.55  29 
25.567  63 
25.574  92 
25.603  122 
25.624  141 
25.638  92 
25.661  63 
25.675  34 
25.703  9 
25.725  0 
25.739  0 
25.762  0 
25.786  0 
25.8  0 
25.827  0 
25.849  0 
25.857  0 
25.881  0 
25.905  0 
25.919  0 
25.945  0 
25.966  0 
25.98  0 
26.004  0 
26.029  0 
26.045  0 
26.065  0 
26.089  0 
26.112  0 
26.135  0 
26.155  9 
26.172  34 
26.195  68 
26.217  107 
26.236  131 
26.264  127 
26.266  107 
26.288  78 
26.311  43 
26.335  19 
26.349  0 
26.372  0 
26.396  0 
26.409  0 
26.432  0 
26.456  0 
26.48  0 
26.494  0 
26.517  0 
26.544  0 
26.556  0 
26.58  0 
26.602  0 
26.619  0 
26.635  0 
26.667  0 
26.68  0 
26.692  0 
26.716  0 
26.74  0 
26.764  0 
26.778  4 
26.801  19 
26.834  53 
26.835  83 
26.87  112 
26.887  136 
26.914  112 
26.921  78 
26.949  48 
26.972  19 
26.984  0 
27.007  0 
27.034  0 
27.046  0 
27.064  0 
27.089  0 
27.105  0 
27.128  0 
27.141  0 
27.17  0 
27.187  0 
27.212  0 
27.224  0 
27.247  0 
27.271  0 
27.295  0 
27.314  0 
27.336  0 
27.345  0 
27.369  0 
27.393  0 
27.417  4 
27.434  24 
27.45  58 
27.474  92 
27.5  122 
27.513  131 
27.536  117 
27.567  92 
27.587  58 
27.605  34 
27.615  9 
27.638  0 
27.671  0 
27.674  0 
27.693  0 
27.719  0 
27.741  0 
27.758  0 
27.78  0 
27.797  0 
27.819  0 
27.843  0 
27.856  0 
27.88  0 
27.914  0 
27.918  0 
27.94  0 
27.968  0 
27.98  0 
28.008  0 
28.021  0 
28.045  0 
28.067  14 
28.107  39 
28.113  68 
28.134  97 
28.151  122 
28.17  136 
28.184  92 
28.208  58 
28.231  29 
28.245  9 
28.273  0 
28.291  0 
28.314  0 
28.331  0 
28.354  0 
28.376  0 
28.394  0 
28.416  0 
28.425  0 
28.457  0 
28.466  0 
28.49  0 
28.514  0 
28.53  0 
28.558  0 
28.583  0 
28.595  0 
28.618  0 
28.641  0 
28.666  0 
28.669  0 
28.691  14 
28.715  43 
28.746  78 
28.768  112 
28.784  131 
28.806  127 
28.825  102 
28.847  73 
28.865  43 
28.879  19 
28.903  0 
28.919  0 
28.941  0 
28.958  0 
28.981  0 
28.998  0 
29.02  0 
29.048  0 
29.06  0 
29.084  0 
29.108  0 
29.121  0 
29.15  0 
29.163  0 
29.186  0 
29.213  0 
29.225  0 
29.249  0 
29.276  0 
29.285  0 
29.312  0 
29.324  9 
29.356  29 
29.374  58 
29.394  92 
29.415  117 
29.434  141 
29.46  112 
29.469  73 
29.496  43 
29.519  19 
29.536  4 
29.559  0 
29.568  0 
29.591  0 
29.615  0 
29.639  0 
29.653  0 
29.676  0 
29.7  0 
29.714  0 
29.738  0 
29.751  0 
29.775  0 
29.799  0 
29.813  0 
