0.000281095504761  0 
0.171758174896  0 
0.183900117874  0 
0.20143699646  9 
0.223903179169  19 
0.246411085129  43 
0.263944149017  68 
0.286456108093  78 
0.311401128769  63 
0.326409101486  53 
0.348889112473  43 
0.371381998062  29 
0.386473178864  9 
0.408944129944  0 
0.427698135376  0 
0.448951005936  0 
0.471424102783  0 
0.488934993744  0 
0.511409044266  0 
0.520187139511  0 
0.552644014359  0 
0.561462163925  0 
0.58518409729  0 
0.6089220047  0 
0.622672080994  0 
0.649264097214  0 
0.672702074051  0 
0.690230131149  0 
0.712658166885  0 
0.73517203331  0 
0.753918170929  4 
0.773916006088  24 
0.796411037445  39 
0.818984985352  53 
0.83643913269  68 
0.858864068985  73 
0.881416082382  83 
0.898861169815  58 
0.912830114365  29 
0.936460971832  14 
0.95018696785  4 
0.973919153214  0 
0.997727155685  0 
1.01146316528  0 
1.0376830101  0 
1.06144213676  0 
1.07518601418  0 
1.09892201424  0 
1.11265897751  0 
1.14639401436  0 
1.16173696518  0 
1.17397212982  0 
1.19770216942  0 
1.22144699097  0 
1.23518800735  0 
1.27021217346  0 
1.27892518044  0 
1.3027369976  0 
1.31642103195  0 
1.3401901722  0 
1.36394000053  0 
1.38640499115  0 
1.40018105507  0 
1.42673802376  0 
1.4389731884  0 
1.46272516251  9 
1.486577034  19 
1.51387310028  43 
1.52282595634  68 
1.54908418655  78 
1.57135915756  68 
1.58534216881  58 
1.60907816887  43 
1.63141417503  29 
1.64895510674  14 
1.67145419121  0 
1.69393515587  0 
1.71138811111  0 
1.73390507698  0 
1.75641608238  0 
1.77892303467  0 
1.78769111633  0 
1.81144499779  0 
1.82525610924  0 
1.84893202782  0 
1.87640714645  0 
1.8989109993  0 
1.92391896248  0 
1.9268860817  0 
1.94891405106  0 
1.97273302078  0 
1.99645018578  0 
2.01022410393  4 
2.04265403748  24 
2.05160903931  39 
2.07531404495  53 
2.09910798073  63 
2.12143397331  78 
2.13891601562  83 
2.16142606735  63 
2.18393397331  34 
2.20141816139  19 
2.22393202782  4 
2.232817173  0 
2.25640797615  0 
2.28018712997  0 
2.29520201683  0 
2.31781601906  0 
2.34162998199  0 
2.36225199699  0 
2.38392019272  0 
2.4064309597  0 
2.42392611504  0 
2.44639396667  0 
2.46892809868  0 
2.48639917374  0 
2.50889015198  0 
2.51784205437  0 
2.55032706261  0 
2.55892896652  0 
2.58270096779  0 
2.60640406609  0 
2.628937006  0 
2.65286016464  0 
2.66771912575  0 
2.69017910957  0 
2.70767116547  0 
2.72764015198  9 
2.7502810955  19 
2.77052307129  39 
2.7913711071  68 
2.81388115883  78 
2.83640909195  68 
2.85389113426  58 
2.87640619278  43 
2.89890003204  29 
2.91639304161  14 
2.93032407761  0 
2.95406007767  0 
2.96785998344  0 
2.99154305458  0 
3.01529502869  0 
3.02902412415  0 
3.05282711983  0 
3.07655715942  0 
3.09040212631  0 
3.11403608322  0 
3.13781905174  0 
3.15406608582  0 
3.17778897285  0 
3.19151210785  0 
3.21532607079  0 
3.23909211159  0 
3.26284313202  0 
3.27666711807  4 
3.30035400391  24 
3.32409906387  43 
3.33785700798  58 
3.36030912399  63 
3.38282108307  73 
3.40518116951  83 
3.42267608643  63 
3.44514918327  34 
3.46770596504  19 
3.48515915871  9 
3.50761914253  0 
3.51656508446  0 
3.54886007309  0 
3.55782103539  0 
3.58673214912  0 
3.60764408112  0 
3.63013005257  0 
3.63905501366  0 
3.66278409958  0 
3.68654608727  0 
3.70028996468  0 
3.72407102585  0 
3.74784612656  0 
3.76165819168  0 
3.78528618813  0 
3.80904316902  0 
3.83157014847  0 
3.85391616821  0 
3.87222909927  0 
3.89388203621  0 
3.91637396812  0 
3.93388199806  0 
3.95635318756  0 
3.96541714668  0 
3.98907113075  9 
4.01885700226  19 
4.02783298492  43 
4.05156111717  73 
4.07534813881  78 
4.09777998924  68 
4.12016415596  53 
4.1377761364  48 
4.16017699242  34 
4.18263101578  14 
4.19155216217  4 
4.215280056  0 
4.2390370369  0 
4.25287103653  0 
4.27658700943  0 
4.30034399033  0 
4.31408715248  0 
4.34156012535  0 
4.3639421463  0 
4.38138508797  0 
4.40395498276  0 
4.42310905457  0 
4.44390201569  0 
4.45781803131  0 
4.4815261364  0 
4.49534797668  0 
4.51905798912  0 
4.54281306267  9 
4.55659198761  24 
4.58886098862  43 
4.59781813622  53 
4.62156200409  63 
4.64534807205  78 
4.65905499458  83 
4.68282318115  63 
4.70663404465  34 
4.72034716606  19 
4.74406814575  9 
4.7678539753  0 
4.79160118103  0 
4.80533504486  0 
4.82777309418  0 
4.85026502609  0 
4.87278699875  0 
4.89777207375  0 
4.91264510155  0 
4.93516898155  0 
4.9526591301  0 
4.97515702248  0 
4.98404097557  0 
5.00782299042  0 
5.03155899048  0 
5.04534602165  0 
5.06909298897  0 
5.09548306465  0 
5.11155509949  0 
5.13532710075  0 
5.14910006523  0 
5.17278409004  0 
5.19652509689  0 
5.21032905579  0 
5.23408007622  0 
5.25782608986  9 
5.27154397964  19 
5.29531002045  39 
5.31906819344  68 
5.33654808998  78 
5.35729312897  63 
5.38031411171  58 
5.41277718544  48 
5.4168741703  29 
5.44395899773  19 
5.46516919136  4 
5.48268198967  0 
5.50512719154  0 
5.51407408714  0 
5.53779816628  0 
5.56421613693  0 
5.58510804176  0 
5.59904313087  0 
5.62277817726  0 
5.63657808304  0 
5.66033506393  0 
5.68406796455  0 
5.69778704643  0 
5.72153496742  0 
5.74530315399  0 
5.76903414726  0 
5.78280615807  0 
5.80907297134  9 
5.83156299591  24 
5.84906697273  43 
5.87152314186  58 
5.89408612251  63 
5.9115421772  73 
5.93386411667  83 
5.94278407097  63 
5.97511410713  34 
5.98442912102  19 
6.007791996  9 
6.03156018257  0 
6.05400800705  0 
6.07656407356  0 
6.09408998489  0 
6.11638116837  0 
6.12529015541  0 
6.15760111809  0 
6.17402696609  0 
6.18783807755  0 
6.21156811714  0 
6.23530817032  0 
6.24905109406  0 
6.27278017998  0 
6.29656004906  0 
6.31904315948  0 
6.33651518822  0 
6.35900211334  0 
6.39266014099  0 
6.40157198906  0 
6.41903805733  0 
6.4415371418  0 
6.46387195587  0 
6.48150801659  0 
6.5038599968  0 
6.51283502579  9 
6.54513907433  19 
6.56423902512  39 
6.58512711525  68 
6.59906411171  78 
6.62286496162  68 
6.63666510582  58 
6.66029500961  48 
6.68406510353  34 
6.69793605804  19 
6.72153806686  4 
6.74534511566  0 
6.7690680027  0 
6.78281807899  0 
6.80528306961  0 
6.82780218124  0 
6.85031509399  0 
6.86778616905  0 
6.89028596878  0 
6.91275000572  0 
6.93037104607  0 
6.9527130127  0 
6.96906900406  0 
6.98276615143  0 
7.00653600693  0 
7.03028106689  0 
7.04404807091  0 
7.06781816483  9 
7.0942530632  29 
7.11525511742  43 
7.12910413742  58 
7.15281105042  68 
7.16655898094  78 
7.19032812119  83 
7.21409797668  63 
7.23780298233  34 
7.25156712532  19 
7.27529001236  9 
7.28912115097  0 
7.31278610229  0 
7.33657097816  0 
7.35084009171  0 
7.37405014038  0 
7.39780807495  0 
7.41155695915  0 
7.43534517288  0 
7.45910215378  0 
7.47278618813  0 
7.49657702446  0 
7.52033400536  0 
7.54527115822  0 
7.56275606155  0 
7.57657814026  0 
7.60028505325  0 
7.61404109001  0 
7.63779807091  0 
7.6703441143  0 
7.67957997322  0 
7.7028131485  0 
7.716588974  0 
7.7403190136  0 
7.76407313347  0 
7.78783011436  14 
7.80529212952  19 
7.82775902748  39 
7.8503279686  68 
7.86778116226  78 
7.89025306702  68 
7.91278910637  58 
7.93027806282  48 
7.94413900375  34 
7.96030306816  24 
7.98407912254  9 
8.00782299042  0 
8.03025913239  0 
8.05278801918  0 
8.07030415535  0 
8.09282398224  0 
8.1152510643  0 
8.13275003433  0 
8.1552670002  0 
8.16407513618  0 
8.18780016899  0 
8.21155118942  0 
8.2253241539  0 
8.24904513359  0 
8.27282500267  0 
8.29533815384  0 
8.31905508041  4 
8.33403706551  14 
8.35654497147  29 
8.37565207481  48 
8.39655017853  58 
8.41911506653  68 
8.43653202057  78 
8.46034598351  83 
8.48153495789  63 
8.49904513359  39 
8.51654005051  19 
8.53900718689  9 
8.56157207489  0 
8.57901597023  0 
8.60152101517  0 
8.62403202057  0 
8.6415450573  0 
8.66400718689  0 
8.68310713768  0 
8.70403814316  0 
8.7177760601  0 
8.74158596992  0 
8.76398396492  0 
8.7865011692  0 
8.79529714584  0 
8.82775998116  0 
8.83661007881  0 
8.86032605171  0 
8.8841149807  0 
8.89780497551  0 
8.92163515091  0 
8.95158600807  0 
8.9590690136  0 
8.98304796219  0 
9.0065510273  0 
9.02901601791  4 
9.05150413513  9 
9.0740070343  24 
9.09153604507  39 
9.11061906815  63 
9.1227850914  78 
9.14658808708  68 
9.17309904099  58 
9.18531918526  48 
9.20918607712  34 
9.23279118538  24 
9.25533103943  9 
9.27775216103  0 
9.29525208473  0 
9.30904507637  0 
9.33281898499  0 
9.3465821743  0 
9.3708050251  0 
9.39407014847  0 
9.40811109543  0 
9.43152999878  0 
9.45534515381  0 
9.47909617424  0 
9.49281811714  0 
9.52028417587  0 
9.53777503967  0 
9.55773496628  0 
9.5802590847  0 
9.60280418396  14 
9.61166405678  34 
9.64397215843  48 
9.65287208557  58 
9.67654204369  68 
9.70028805733  78 
9.71419405937  83 
9.74651002884  63 
9.76403999329  39 
9.78652405739  19 
9.79532718658  9 
9.81917405128  0 
9.84280705452  0 
9.8565530777  0 
9.88030815125  0 
9.90423512459  0 
9.9178071022  0 
9.94154405594  0 
9.96531915665  0 
9.97915315628  0 
10.0028340816  0 
10.0293691158  0 
10.0478019714  0 
10.0615651608  0 
10.0852921009  0 
10.1091690063  0 
10.1228780746  0 
10.1465401649  0 
10.1703619957  0 
10.1841900349  0 
10.2078151703  0 
10.2315721512  0 
10.2539770603  0 
10.2627949715  0 
10.2952420712  4 
10.3177530766  14 
10.3352730274  24 
10.349198103  39 
10.3728041649  68 
10.3865830898  78 
10.4103319645  68 
10.4341561794  58 
10.4484419823  48 
10.4802510738  39 
10.4892251492  24 
10.5128371716  9 
10.5291531086  0 
10.5527789593  0 
10.5765380859  0 
10.6003329754  0 
10.6141531467  0 
10.6378130913  0 
10.6615459919  0 
10.6753480434  0 
10.6991400719  0 
10.7228121758  0 
10.7402820587  0 
10.7627630234  0 
10.7852649689  0 
10.8027741909  0 
10.8253071308  0 
10.8427569866  9 
10.8652410507  19 
10.8878111839  34 
10.9053001404  48 
10.9277551174  58 
10.9441611767  68 
10.957832098  78 
10.9815480709  83 
11.0053021908  63 
11.0191969872  39 
11.0428049564  19 
11.0665380955  9 
11.0803380013  0 
11.1042649746  0 
11.1278481483  0 
11.1415500641  0 
11.1652979851  0 
11.1891791821  0 
11.2028160095  0 
11.2265510559  0 
11.2503039837  0 
11.2641661167  0 
11.2877941132  0 
11.3115479946  0 
11.3253099918  0 
11.3491940498  0 
11.3728580475  0 
11.3866250515  0 
11.4103109837  0 
11.4341981411  0 
11.4477860928  0 
11.4743540287  0 
11.5102729797  0 
11.5131931305  0 
11.531550169  0 
11.5581080914  4 
11.5790121555  14 
11.5937030315  24 
11.6165449619  39 
11.6303219795  68 
11.6542100906  78 
11.6778161526  68 
11.6915910244  58 
11.7191929817  48 
11.7415499687  39 
11.7591500282  24 
11.7828021049  14 
11.8040511608  0 
11.8215329647  0 
11.8440010548  0 
11.852807045  0 
11.8852601051  0 
11.8991930485  0 
11.9153161049  0 
11.9391629696  0 
11.9615271091  0 
11.9841480255  0 
12.0065300465  0 
12.0241441727  0 
12.0464999676  0 
12.0690200329  0 
12.0865130424  0 
12.108987093  4 
12.1315310001  19 
12.1490101814  34 
12.1715080738  48 
12.1803109646  63 
12.2070081234  68 
12.2291660309  78 
12.252918005  83 
12.2703411579  63 
12.2927839756  39 
12.3103201389  19 
12.3327729702  9 
12.3552761078  4 
12.3727650642  0 
12.3865761757  0 
12.4103090763  0 
12.4327540398  0 
12.4552690983  0 
12.4777569771  0 
12.4952600002  0 
12.5091650486  0 
12.5327839851  0 
12.5465300083  0 
12.5703361034  0 
12.594189167  0 
12.6078109741  0 
12.6315751076  0 
12.6552910805  0 
12.6792340279  0 
12.6980900764  0 
12.7190010548  0 
12.7328050137  0 
12.7565829754  0 
12.7703380585  0 
12.790304184  0 
12.8141510487  4 
12.8379230499  14 
12.861713171  24 
12.8754739761  39 
12.8991661072  68 
12.9229371548  73 
12.9402761459  63 
12.962790966  58 
12.9853010178  48 
13.0028140545  39 
13.0252790451  24 
13.0477721691  14 
13.0652470589  4 
13.0877630711  0 
13.1041469574  0 
13.117937088  0 
13.1415281296  0 
13.1654131413  0 
13.1792211533  0 
13.2029371262  0 
13.2265810966  0 
13.2403111458  0 
13.2641851902  0 
13.287872076  0 
13.3015530109  0 
13.3252761364  0 
13.34922719  0 
13.36292696  9 
13.3867571354  24 
13.4105231762  39 
13.4327750206  53 
13.4502701759  58 
13.4727931023  68 
13.4952721596  78 
13.5127661228  83 
13.5353131294  58 
13.5577740669  39 
13.5777909756  24 
13.5867180824  9 
13.6104981899  0 
13.6342291832  0 
13.6565451622  0 
13.6791291237  0 
13.6879651546  0 
13.7116949558  0 
13.7354359627  0 
13.7491781712  0 
13.7727770805  0 
13.7966630459  0 
13.8104031086  0 
13.8352890015  0 
13.8579230309  0 
13.8817219734  0 
13.8954291344  0 
13.9227700233  0 
13.944163084  0 
13.9615371227  0 
13.9841241837  0 
14.0165159702  0 
14.0277841091  0 
14.036700964  0 
14.0704469681  0 
14.0791430473  4 
14.1029231548  14 
14.1166779995  24 
14.1404531002  39 
14.167787075  63 
14.1853001118  73 
14.207775116  63 
14.2302820683  58 
14.2477610111  48 
14.2703030109  39 
14.2927660942  24 
14.3102681637  14 
14.3241930008  4 
14.3479201794  0 
14.3616659641  0 
14.3941700459  0 
14.4291601181  0 
14.4320499897  0 
14.4441571236  0 
14.4679369926  0 
14.4916760921  0 
14.5054190159  0 
14.5291881561  0 
14.5529220104  0 
14.5667061806  0 
14.5904340744  0 
14.6141781807  0 
14.6279871464  9 
14.6543591022  24 
14.6752669811  34 
14.6977930069  53 
14.7202730179  63 
14.7377791405  68 
14.7602550983  78 
14.769203186  83 
14.7929251194  58 
14.8166801929  39 
14.8304271698  19 
14.8541669846  9 
14.8841791153  4 
14.8991479874  0 
14.921528101  0 
14.9391520023  0 
14.9615111351  0 
14.9841749668  0 
15.0015239716  0 
15.0241210461  0 
15.0329551697  0 
15.0652589798  0 
15.0741980076  0 
15.0979239941  0 
15.1216821671  0 
15.1441450119  0 
15.1679310799  0 
15.1829090118  0 
15.2054581642  0 
15.2277879715  0 
15.2479081154  0 
15.2653901577  0 
15.2877969742  0 
15.3102841377  0 
15.3277859688  0 
15.3543829918  4 
15.3702981472  14 
15.3927571774  24 
15.4102749825  43 
15.4327690601  63 
15.4417800903  73 
15.4654641151  63 
15.4891531467  58 
15.502959013  48 
15.5266721249  39 
15.5504469872  24 
15.5641551018  14 
15.5879900455  4 
15.615334034  0 
15.6353850365  0 
15.6529350281  0 
15.6752500534  0 
15.6977729797  0 
15.7152941227  0 
15.7377650738  0 
15.7467019558  0 
15.7704629898  0 
15.7941961288  0 
15.807945013  0 
15.8317060471  0 
15.855453968  0 
15.8778879642  4 
15.900411129  14 
15.9179780483  29 
15.9404129982  39 
15.9627959728  53 
15.9803061485  63 
15.9993481636  68 
16.0252630711  78 
16.042757988  83 
16.0652661324  63 
16.074185133  39 
16.1016750336  19 
16.1241571903  9 
16.1417021751  0 
16.1642010212  0 
16.1865391731  0 
16.2041780949  0 
16.2265040874  0 
16.249268055  0 
16.2664880753  0 
16.2805199623  0 
16.3042321205  0 
16.3180041313  0 
16.3468811512  0 
16.3677489758  0 
16.3902449608  0 
16.4042100906  0 
16.4279010296  0 
16.4516680241  0 
16.463296175  0 
16.4854271412  0 
16.509168148  0 
16.5257780552  0 
16.5479459763  0 
16.5716609955  0 
16.5954270363  0 
16.630284071  4 
16.6345281601  14 
16.6554009914  24 
16.6729090214  43 
16.6952910423  68 
16.7177770138  73 
16.7352781296  68 
16.7543821335  58 
16.7802531719  48 
16.7978351116  39 
16.8116850853  29 
16.8341760635  14 
16.8566300869  4 
16.8791661263  0 
16.89666605  0 
16.9191529751  0 
16.9415581226  0 
16.9591369629  0 
16.9729239941  0 
16.9966931343  0 
17.010436058  0 
17.0309309959  0 
17.0529310703  0 
17.0766670704  0 
17.0991470814  0 
17.1129741669  0 
17.1366989613  4 
17.1665489674  14 
17.1754369736  29 
17.1991841793  43 
17.2229151726  53 
17.2366700172  63 
17.2604250908  73 
17.2841780186  78 
17.3008229733  83 
17.3216540813  63 
17.3454079628  39 
17.3779091835  24 
17.3820049763  14 
17.4078969955  4 
17.430409193  0 
17.4479591846  0 
17.4702851772  0 
17.4841990471  0 
17.5106391907  0 
17.5229251385  0 
17.5466749668  0 
17.566630125  0 
17.5891699791  0 
17.6116821766  0 
17.6291611195  0 
17.6528990269  0 
17.6704139709  0 
17.692895174  0 
17.7154181004  0 
17.7329010963  0 
17.7552571297  0 
17.7641830444  0 
17.7977609634  0 
17.8066749573  0 
17.8304371834  0 
17.8568491936  0 
17.8692131042  9 
17.892966032  14 
17.9116461277  29 
17.9354710579  43 
17.9516751766  68 
17.9754600525  73 
17.9991700649  68 
18.0129389763  58 
18.0366470814  53 
18.0591621399  43 
18.0777630806  29 
18.099186182  19 
18.1216781139  9 
18.1392941475  0 
18.1616561413  0 
18.1841499805  0 
18.2016761303  0 
18.2241201401  0 
18.2467331886  0 
18.2641940117  0 
18.2779459953  0 
18.3054261208  0 
18.3254110813  0 
18.3429410458  0 
18.3665261269  0 
18.3878929615  0 
18.4053881168  9 
18.4278960228  19 
18.4504060745  29 
18.4679160118  43 
18.4903981686  53 
18.5042159557  63 
18.5279181004  73 
18.5416991711  78 
18.5654120445  78 
18.5891890526  58 
18.603041172  39 
18.6267039776  19 
18.6504371166  14 
18.6641881466  4 
18.6879031658  0 
18.7117021084  0 
18.7254230976  0 
18.7516629696  0 
18.7728791237  0 
18.7954399586  0 
18.8128941059  0 
18.8353919983  0 
18.8578901291  0 
18.8754320145  0 
18.8892021179  0 
18.9129850864  0 
18.9267990589  0 
18.9504010677  0 
18.9741630554  0 
18.9879021645  0 
19.0116829872  0 
19.03916502  0 
19.0566551685  0 
19.0791499615  0 
19.1016609669  0 
19.1191580296  0 
19.1382470131  9 
19.1641600132  19 
19.1916480064  29 
19.2066550255  48 
19.2154400349  68 
19.2391600609  73 
19.2529420853  63 
19.2766840458  58 
19.3004791737  48 
19.3241901398  39 
19.3379380703  29 
19.3616840839  19 
19.3854250908  9 
19.399159193  0 
19.4229409695  0 
19.4466741085  0 
19.4604489803  0 
19.4841651917  0 
19.5066301823  0 
19.5291361809  0 
19.5379350185  0 
19.5703651905  0 
19.5792541504  0 
19.6067051888  0 
19.629139185  0 
19.642966032  0 
19.6666600704  9 
19.6904420853  19 
19.7041890621  34 
19.7279090881  43 
19.7553780079  58 
19.7738580704  63 
19.7953619957  73 
19.8041951656  83 
19.8279299736  78 
19.8516640663  58 
19.866163969  39 
19.8891639709  19 
19.9129340649  14 
19.9266860485  4 
19.9504320621  0 
19.9741721153  0 
19.9879570007  0 
20.0116989613  0 
20.035421133  0 
20.0491921902  0 
20.0729291439  0 
20.0966570377  0 
20.1104681492  0 
20.134196043  0 
20.1604640484  0 
20.1741921902  0 
20.1979219913  0 
20.2216761112  0 
20.2441341877  0 
20.2616150379  0 
20.2754170895  0 
20.2992119789  0 
20.3129060268  0 
20.3366999626  0 
20.3604409695  0 
20.3741960526  0 
20.3979580402  9 
20.4216790199  14 
20.4454410076  29 
20.4704601765  48 
20.4878799915  68 
20.5103800297  73 
20.5278661251  63 
20.5417070389  58 
20.5654001236  48 
20.579185009  43 
20.6029160023  34 
20.6267080307  19 
20.640444994  9 
20.6666669846  4 
20.690415144  0 
20.7041721344  0 
20.7267141342  0 
20.7491710186  0 
20.7716641426  0 
20.7920689583  0 
20.8129279613  0 
20.8354101181  0 
20.8528959751  0 
20.8666880131  0 
20.8904139996  0 
20.9042110443  0 
20.9279170036  9 
20.9516890049  24 
20.9754080772  39 
20.9966411591  48 
21.0191581249  58 
21.036659956  68 
21.0557379723  73 
21.0816709995  83 
21.099116087  78 
21.1129100323  58 
21.1366980076  34 
21.1504371166  24 
21.1742050648  14 
21.1966910362  4 
21.2191469669  0 
21.2416601181  0 
21.2591459751  0 
21.2816591263  0 
21.3041400909  0 
21.3216719627  0 
21.3441140652  0 
21.3529241085  0 
21.3766989708  0 
21.4004571438  0 
21.4144380093  0 
21.4404711723  0 
21.4629290104  0 
21.4853980541  0 
21.502892971  0 
21.5254240036  0 
21.5478920937  0 
21.5653860569  0 
21.5879070759  0 
21.5967011452  0 
21.6291429996  0 
21.6379630566  4 
21.6616930962  9 
21.6882500648  19 
21.7091419697  29 
21.7316360474  48 
21.7504630089  68 
21.7728581429  73 
21.7816851139  63 
21.8079459667  58 
21.8316860199  48 
21.8454141617  43 
21.8691899776  34 
21.8929100037  24 
21.9067380428  9 
21.9341599941  4 
21.9566240311  0 
21.9741220474  0 
21.9879331589  0 
22.0116610527  0 
22.0254051685  0 
22.0541770458  0 
22.0679011345  0 
22.0916399956  0 
22.1154351234  0 
22.1291680336  0 
22.1529080868  0 
22.1767041683  9 
22.1991841793  14 
22.2166500092  24 
22.2391500473  39 
22.2616691589  48 
22.2816331387  58 
22.3042371273  63 
22.321655035  73 
22.3354101181  83 
22.3593561649  78 
22.372975111  58 
22.3967089653  34 
22.4232611656  24 
22.4354159832  14 
22.4592170715  4 
22.4829201698  0 
22.4966640472  0 
22.520442009  0 
22.544200182  0 
22.5579121113  0 
22.5816819668  0 
22.6054489613  0 
22.6191961765  0 
22.6428911686  0 
22.6666660309  0 
22.6879091263  0 
22.7103991508  0 
22.7354309559  0 
22.7503900528  0 
22.7592270374  0 
22.7829711437  0 
22.8167049885  0 
22.8254730701  0 
22.8491950035  0 
22.8629021645  0 
22.8868260384  0 
22.9104659557  4 
22.9279201031  9 
22.9504580498  19 
22.9729449749  29 
22.9904081821  48 
23.0129551888  68 
23.0345041752  73 
23.0553970337  63 
23.0785140991  53 
23.0953831673  48 
23.121984005  43 
23.1332321167  34 
23.1555659771  24 
23.1691961288  14 
23.1929061413  4 
23.2166781425  0 
23.240404129  0 
23.254196167  0 
23.2778990269  0 
23.3016719818  0 
23.3154010773  0 
23.3391599655  0 
23.3629131317  0 
23.3766860962  0 
23.3991639614  0 
23.4216589928  0 
23.4441211224  4 
23.4616510868  14 
23.4841279984  29 
23.5066399574  39 
23.5241210461  53 
23.5446240902  63 
23.5678770542  68 
23.5806210041  73 
23.6043870449  83 
23.6266889572  78 
23.6441721916  53 
23.6666910648  34 
23.6891410351  19 
23.7066690922  9 
23.7291240692  4 
23.7379391193  0 
23.7616891861  0 
23.7853901386  0 
23.7991671562  0 
23.8229060173  0 
23.8466620445  0 
23.8691351414  0 
23.8928771019  0 
23.900395155  0 
23.9328680038  0 
23.94917202  0 
23.9629261494  0 
23.9866490364  0 
24.0104219913  0 
24.0242190361  0 
24.0479111671  0 
24.0716571808  0 
24.0854141712  0 
24.1091721058  0 
24.1316440105  0 
24.1541671753  0 
24.1766650677  4 
24.1941590309  9 
24.216686964  19 
24.2391610146  29 
24.2567009926  48 
24.2791659832  68 
24.3116309643  73 
24.3216221333  63 
24.3466410637  58 
24.3616621494  48 
24.3791689873  43 
24.4016561508  34 
24.4241380692  24 
24.4416761398  14 
24.4556441307  4 
24.4791581631  0 
24.4930961132  0 
24.5166549683  0 
24.5405700207  0 
24.5543711185  0 
24.5780520439  0 
24.6054041386  0 
24.6228780746  0 
24.6453790665  0 
24.6678869724  0 
24.6853981018  0 
24.699285984  9 
24.725741148  19 
24.7469820976  29 
24.7593309879  43 
24.7830350399  53 
24.8095090389  63 
24.8217940331  68 
24.8443319798  73 
24.8680820465  83 
24.8919219971  78 
24.9067940712  53 
24.9305620193  34 
24.948045969  19 
24.9732711315  14 
24.9941341877  4 
25.0116410255  4 
25.0341391563  0 
25.051625967  0 
25.07289505  0 
25.0978901386  0 
25.1129350662  0 
25.1353690624  0 
25.1443111897  0 
25.1778700352  0 
25.1855399609  0 
25.2093031406  0 
25.2330369949  0 
25.2471981049  0 
25.2705521584  0 
25.2942900658  0 
25.3080821037  0 
25.3345341682  0 
25.3553991318  0 
25.3779261112  0 
25.4003851414  0 
25.4179170132  0 
25.4403941631  4 
25.4628791809  9 
25.4879231453  19 
25.50289011  34 
25.5253880024  48 
25.5428740978  68 
25.5568401814  73 
25.5905339718  63 
25.6005291939  58 
25.6246600151  48 
25.6454119682  39 
25.6628861427  34 
25.6854140759  24 
25.7078721523  14 
25.725372076  4 
25.739328146  0 
25.7630259991  0 
25.7768771648  0 
25.8091599941  0 
25.8341720104  0 
25.8491210938  0 
25.8580541611  0 
25.8818321228  0 
25.9055480957  0 
25.9193081856  0 
25.9432890415  4 
25.9667851925  14 
25.9941310883  19 
26.0116159916  34 
26.0255739689  43 
26.0528941154  53 
26.0705339909  63 
26.0930051804  68 
26.1154050827  78 
26.1330280304  83 
26.1553790569  73 
26.1778869629  53 
26.1953890324  34 
26.2118020058  19 
26.2255580425  14 
26.2493131161  4 
26.2768201828  0 
26.2941520214  0 
26.3166229725  0 
26.3391339779  0 
26.35663414  0 
26.3791480064  0 
26.3880791664  0 
26.4118211269  0 
26.435544014  0 
26.4493200779  0 
26.4730529785  0 
26.4968440533  0 
26.5105750561  0 
26.5371410847  0 
26.5580410957  0 
26.5805301666  0 
26.6030571461  0 
26.6230330467  0 
26.6453671455  0 
26.6628639698  0 
26.6768791676  0 
26.7005469799  4 
26.7278921604  14 
26.7503581047  19 
26.7593569756  34 
26.7817921638  53 
26.8042931557  68 
26.8267760277  68 
26.8442690372  63 
26.872148037  58 
26.8859331608  48 
26.9121391773  43 
26.9280331135  34 
26.9530301094  24 
26.9680330753  19 
26.9903831482  9 
27.0055370331  0 
27.0280711651  0 
27.0505101681  0 
27.0680570602  0 
27.0905361176  0 
27.1128971577  0 
27.1304149628  0 
27.1528840065  0 
27.1854021549  0 
27.1953589916  0 
27.2121031284  4 
27.237899065  14 
27.2566640377  24 
27.2741551399  34 
27.2966580391  48 
27.3191180229  53 
27.3366191387  63 
27.3591160774  68 
27.368076086  78 
27.3918290138  83 
27.4155950546  73 
27.429336071  53 
27.4530510902  34 
27.4755589962  19 
27.4980490208  9 
27.5216500759  4 
27.5380241871  0 
27.5605380535  0 
27.5828661919  0 
27.60039711  0 
27.6195101738  0 
27.6318461895  0 
27.6555771828  0 
27.6821181774  0 
27.6943480968  0 
27.7180771828  0 
27.744492054  0 
27.756786108  0 
27.7805521488  0 
27.8042740822  0 
27.8180651665  0 
27.8418171406  0 
27.8655259609  0 
27.8792769909  0 
27.9030380249  0 
27.9268300533  0 
27.9405450821  0 
27.9643230438  4 
27.9866440296  9 
28.0092661381  19 
28.031673193  34 
28.0492811203  53 
28.069231987  68 
28.0917551517  68 
28.1055650711  63 
28.1293530464  53 
28.1517841816  48 
28.1655609608  43 
28.1893360615  34 
28.2118320465  24 
28.2342970371  19 
28.2430500984  9 
28.2753889561  0 
28.2843079567  0 
28.3080439568  0 
28.3317739964  0 
28.3455851078  0 
28.369300127  0 
28.3930461407  0 
28.4068050385  0 
28.430629015  0 
28.4543371201  0 
28.4816241264  9 
28.4991550446  14 
28.5216500759  24 
28.5417690277  39 
28.5505759716  48 
28.5743780136  58 
28.5981471539  63 
28.6118659973  73 
28.6355609894  78 
28.6593279839  83 
28.6816601753  73 
28.7042529583  53 
28.7130560875  34 
28.7454919815  19 
28.7542960644  14 
28.7780380249  4 
28.801831007  0 
28.8155729771  0 
28.8392879963  0 
28.8630571365  0 
28.8767921925  0 
28.9005320072  0 
28.927863121  0 
28.9368100166  0 
28.9605710506  0 
28.9842910767  0 
28.9980640411  0 
29.0218300819  0 
29.0480639935  0 
29.061797142  0 
29.0855681896  0 
29.1093051434  0 
29.1230370998  0 
29.1476140022  0 
29.1705610752  0 
29.1930179596  0 
29.2117781639  0 
29.2342720032  4 
29.2517700195  14 
29.27425313  24 
29.2968051434  34 
29.3142631054  53 
29.3280260563  68 
29.3518261909  73 
29.365552187  63 
29.3893220425  53 
29.4167811871  48 
29.4358930588  43 
29.4642751217  34 
29.4792351723  24 
29.4881181717  19 
29.5118281841  9 
29.5355341434  4 
29.5493261814  0 
29.5730731487  0 
29.5968000889  0 
29.6105840206  0 
29.6343619823  0 
29.6618020535  0 
29.679267168  0 
29.7017710209  0 
29.7242650986  4 
29.7417480946  9 
29.7642581463  19 
29.7730631828  29 
29.8055090904  39 
29.8142981529  48 
29.8380970955  58 
29.8618221283  63 
29.8755640984  68 
