0.0  0 
0.095  0 
0.109  0 
0.131  0 
0.154  0 
0.171  0 
0.194  0 
0.216  0 
0.237  0 
0.255  0 
0.269  0 
0.292  0 
0.306  0 
0.33  0 
0.354  0 
0.37  0 
0.394  0 
0.417  0 
0.431  4 
0.455  19 
0.479  34 
0.492  53 
0.516  73 
0.541  92 
0.554  102 
0.581  117 
0.599  117 
0.621  97 
0.644  73 
0.665  58 
0.686  39 
0.709  24 
0.72  9 
0.736  0 
0.76  0 
0.794  0 
0.804  0 
0.823  0 
0.844  0 
0.867  0 
0.885  0 
0.907  0 
0.93  0 
0.949  0 
0.964  0 
0.991  0 
1.0  0 
1.027  0 
1.041  0 
1.069  0 
1.091  0 
1.109  0 
1.127  0 
1.154  0 
1.173  0 
1.194  0 
1.202  0 
1.226  0 
1.25  0 
1.274  0 
1.287  0 
1.311  0 
1.325  0 
1.349  0 
1.387  0 
1.39  0 
1.412  0 
1.446  0 
1.45  0 
1.472  0 
1.495  0 
1.522  0 
1.534  0 
1.557  9 
1.58  19 
1.602  34 
1.62  48 
1.642  68 
1.661  87 
1.682  107 
1.705  122 
1.714  117 
1.737  97 
1.761  73 
1.784  58 
1.806  34 
1.815  19 
1.839  4 
1.862  0 
1.876  0 
1.9  0 
1.924  0 
1.937  0 
1.961  0 
1.985  0 
2.009  0 
2.022  0 
2.045  0 
2.067  0 
2.09  0 
2.11  0 
2.132  0 
2.153  0 
2.165  0 
2.192  0 
2.204  0 
2.227  0 
2.251  0 
2.265  0 
2.289  0 
2.316  0 
2.334  0 
2.354  0 
2.366  0 
2.39  0 
2.414  0 
2.427  0 
2.451  0 
2.475  0 
2.489  0 
2.512  0 
2.536  0 
2.559  0 
2.567  0 
2.598  0 
2.61  0 
2.634  0 
2.658  0 
2.671  0 
2.695  0 
2.719  4 
2.732  19 
2.756  39 
2.774  58 
2.811  78 
2.826  102 
2.844  112 
2.866  122 
2.889  102 
2.898  83 
2.921  63 
2.945  43 
2.959  29 
2.983  14 
2.996  0 
3.02  0 
3.046  0 
3.067  0 
3.079  0 
3.102  0 
3.126  0 
3.14  0 
3.164  0 
3.187  0 
3.201  0 
3.235  0 
3.244  0 
3.27  0 
3.291  0 
3.315  0 
3.322  0 
3.346  0 
3.37  0 
3.384  0 
3.407  0 
3.441  0 
3.444  0 
3.486  0 
3.489  0 
3.514  0 
3.535  0 
3.56  0 
3.579  0 
3.591  0 
3.615  0 
3.629  0 
3.652  0 
3.676  0 
3.69  0 
3.727  0 
3.739  0 
3.752  0 
3.786  0 
3.802  0 
3.824  0 
3.841  0 
3.864  9 
3.887  19 
3.896  34 
3.923  53 
3.935  73 
3.959  92 
3.983  117 
4.006  127 
4.024  112 
4.054  97 
4.067  73 
4.085  53 
4.11  34 
4.126  14 
4.149  4 
4.171  0 
4.189  0 
4.203  0 
4.229  0 
4.25  0 
4.267  0 
4.289  0 
4.302  0 
4.326  0 
4.36  0 
4.363  0 
4.385  0 
4.409  0 
4.432  0 
4.446  0 
4.472  0 
4.489  0 
4.515  0 
4.537  0 
4.555  0 
4.572  0 
4.598  0 
4.61  0 
4.634  0 
4.648  0 
4.671  0 
4.699  0 
4.711  0 
4.735  0 
4.759  0 
4.78  0 
4.801  0 
4.819  0 
4.84  0 
4.86  0 
4.873  0 
4.899  0 
4.913  0 
4.936  0 
4.96  0 
4.974  0 
4.997  4 
5.021  24 
5.035  43 
5.059  58 
5.082  83 
5.106  102 
5.12  117 
5.144  127 
5.167  102 
5.181  83 
5.205  58 
5.219  43 
5.251  24 
5.26  14 
5.284  4 
5.307  0 
5.322  0 
5.352  0 
5.364  0 
5.387  0 
5.411  0 
5.425  0 
5.449  0 
5.483  0 
5.491  0 
5.512  0 
5.535  0 
5.552  0 
5.575  0 
5.597  0 
5.615  0 
5.629  0 
5.652  0 
5.666  0 
5.69  0 
5.714  0 
5.727  0 
5.754  0 
5.775  0 
5.797  0 
5.823  0 
5.842  0 
5.86  0 
5.886  0 
5.9  0 
5.922  0 
5.934  0 
5.956  0 
5.98  0 
5.995  0 
6.017  0 
6.041  0 
6.055  0 
6.079  0 
6.103  0 
6.116  0 
6.14  4 
6.164  14 
6.177  24 
6.204  43 
6.226  58 
6.249  78 
6.271  97 
6.289  122 
6.319  122 
6.334  107 
6.344  87 
6.366  63 
6.39  43 
6.404  24 
6.427  9 
6.451  0 
6.47  0 
6.492  0 
6.515  0 
6.532  0 
6.555  0 
6.572  0 
6.595  0 
6.614  0 
6.627  0 
6.661  0 
6.664  0 
6.686  0 
6.711  0 
6.74  0 
6.755  0 
6.777  0 
6.795  0 
6.817  0 
6.84  0 
6.857  0 
6.883  0 
6.89  0 
6.926  0 
6.929  0 
6.951  0 
6.975  0 
6.999  0 
7.012  0 
7.036  0 
7.06  0 
7.074  0 
7.097  0 
7.121  0 
7.135  0 
7.159  0 
7.175  0 
7.199  0 
7.223  0 
7.245  0 
7.267  0 
7.276  9 
7.309  24 
7.317  39 
7.35  58 
7.359  83 
7.391  102 
7.415  117 
7.431  122 
7.445  102 
7.467  83 
7.49  63 
7.512  39 
7.53  29 
7.553  14 
7.574  4 
7.582  0 
7.606  0 
7.63  0 
7.654  0 
7.667  0 
7.691  0 
7.718  0 
7.733  0 
7.755  0 
7.779  0 
7.788  0 
7.814  0 
7.836  0 
7.85  0 
7.874  0 
7.897  0 
7.911  0 
7.935  0 
7.962  0 
7.98  0 
8.002  0 
8.02  0 
8.034  0 
8.05  0 
8.077  0 
8.099  0 
8.112  0 
8.136  0 
8.16  0 
8.187  0 
8.199  0 
8.226  0 
8.253  0 
8.263  0 
8.285  0 
8.309  0 
8.33  0 
8.347  0 
8.356  0 
8.38  0 
8.404  0 
8.42  0 
8.442  14 
8.466  24 
8.48  39 
8.504  58 
8.53  78 
8.552  102 
8.566  122 
8.59  122 
8.604  107 
8.627  87 
8.651  68 
8.665  48 
8.689  24 
8.715  14 
8.727  0 
8.751  0 
8.775  0 
8.789  0 
8.812  0 
8.836  0 
8.85  0 
8.877  0 
8.899  0 
8.912  0 
8.939  0 
8.96  0 
8.977  0 
9.0  0 
9.016  0 
9.04  0 
9.054  0 
9.077  0 
9.101  0 
9.115  0 
9.139  0 
9.152  0 
9.175  0 
9.202  0 
9.224  0 
9.245  0 
9.262  0 
9.285  0 
9.302  0 
9.328  0 
9.344  0 
9.366  0 
9.389  0 
9.409  0 
9.418  0 
9.441  0 
9.465  0 
9.479  0 
9.502  0 
9.526  0 
9.54  0 
9.564  4 
9.587  19 
9.601  34 
9.625  53 
9.649  73 
9.662  97 
9.689  107 
9.715  122 
9.732  117 
9.755  92 
9.777  68 
9.795  48 
9.809  34 
9.835  19 
9.847  9 
9.874  0 
9.887  0 
9.914  0 
9.935  0 
9.957  0 
9.976  0 
9.999  0 
10.016  0 
10.038  0 
10.063  0 
10.07  0 
10.107  0 
10.108  0 
10.13  0 
10.154  0 
10.176  0 
10.2  0 
10.225  0 
10.246  0 
10.261  0 
10.284  0 
10.301  0 
10.324  0 
10.346  0 
10.364  0 
10.382  0 
10.396  0 
10.42  0 
10.455  0 
10.457  0 
10.48  0 
10.502  0 
10.526  0 
10.54  0 
10.565  0 
10.587  0 
10.601  0 
10.625  0 
10.649  0 
10.672  0 
10.692  0 
10.709  4 
10.732  14 
10.755  29 
10.775  43 
10.787  63 
10.811  83 
10.825  107 
10.849  127 
10.872  117 
10.886  102 
10.91  83 
10.934  63 
10.947  39 
10.971  24 
10.995  9 
11.009  0 
11.032  0 
11.056  0 
11.07  0 
11.104  0 
11.112  0 
11.136  0 
11.164  0 
11.169  0 
11.191  0 
11.215  0 
11.239  0 
11.255  0 
11.277  0 
11.301  0 
11.315  0 
11.339  0 
11.362  0 
11.379  0 
11.404  0 
11.428  0 
11.449  0 
11.462  0 
11.476  0 
11.5  0 
11.524  0 
11.537  0 
11.561  0 
11.585  0 
11.599  0 
11.622  0 
11.649  0 
11.67  0 
11.687  0 
11.7  0 
11.735  0 
11.742  0 
11.766  0 
11.79  0 
11.804  0 
11.827  0 
11.851  0 
11.865  9 
11.889  29 
11.912  43 
11.935  63 
11.949  87 
11.972  102 
11.986  117 
12.019  122 
12.027  102 
12.051  83 
12.075  68 
12.089  48 
12.112  34 
12.137  19 
12.15  9 
12.174  0 
12.198  0 
12.216  0 
12.239  0 
12.256  0 
12.28  0 
12.304  0 
12.317  0 
12.341  0 
12.365  0 
12.381  0 
12.404  0 
12.425  0 
12.442  0 
12.465  0 
12.474  0 
12.51  0 
12.517  0 
12.541  0 
12.555  0 
12.579  0 
12.603  0 
12.626  0 
12.647  0 
12.664  0 
12.692  0 
12.707  0 
12.736  0 
12.749  0 
12.774  0 
12.79  0 
12.815  0 
12.831  0 
12.859  0 
12.877  0 
12.884  0 
12.91  0 
12.931  0 
12.952  0 
12.972  0 
12.995  9 
13.015  24 
13.032  39 
13.055  53 
13.078  78 
13.095  97 
13.117  112 
13.135  122 
13.157  112 
13.18  97 
13.197  73 
13.22  53 
13.242  34 
13.26  19 
13.274  4 
13.297  0 
13.311  0 
13.335  0 
13.36  0 
13.379  0 
13.401  0 
13.419  0 
13.431  0 
13.455  0 
13.479  0 
13.502  0 
13.516  0 
13.54  0 
13.564  0 
13.578  0 
13.611  0 
13.626  0 
13.649  0 
13.666  0 
13.689  0 
13.709  0 
13.721  0 
13.745  0 
13.762  0 
13.784  0 
13.8  0 
13.824  0 
13.85  0 
13.862  0 
13.893  0 
13.909  0 
13.934  0 
13.951  0 
13.974  0 
13.991  0 
14.014  0 
14.023  0 
14.055  0 
14.069  0 
14.092  0 
14.106  0 
14.13  0 
14.154  9 
14.176  19 
14.199  34 
14.215  53 
14.229  73 
14.253  92 
14.279  107 
14.295  117 
14.319  122 
14.333  107 
14.355  83 
14.379  68 
14.403  53 
14.417  34 
14.44  19 
14.457  9 
14.48  0 
14.513  0 
14.523  0 
14.54  0 
14.565  0 
14.576  0 
14.604  0 
14.617  0 
14.641  0 
14.665  0 
14.679  0 
14.703  0 
14.726  0 
14.75  0 
14.764  0 
14.787  0 
14.801  0 
14.835  0 
14.85  0 
14.859  0 
14.883  0 
14.906  0 
14.92  0 
14.944  0 
14.968  0 
14.981  0 
15.005  0 
15.029  0 
15.057  0 
15.069  0 
15.093  0 
15.117  0 
15.137  0 
15.155  0 
15.176  0 
15.185  0 
15.209  0 
15.233  0 
15.256  0 
15.272  4 
15.295  19 
15.319  39 
15.333  63 
15.36  92 
15.377  107 
15.4  117 
15.422  112 
15.44  97 
15.462  83 
15.471  63 
15.495  43 
15.519  34 
15.533  19 
15.556  4 
15.574  0 
15.6  0 
15.614  0 
15.638  0 
15.661  0 
15.675  0 
15.699  0 
15.723  0 
15.746  0 
15.76  0 
15.784  0 
15.808  0 
15.83  0 
15.85  0 
15.858  0 
15.881  0 
15.908  0 
15.92  0 
15.944  0 
15.968  0 
15.983  0 
16.005  0 
16.029  0 
16.043  0 
16.07  0 
16.091  0 
16.114  0 
16.13  0 
16.144  0 
16.168  0 
16.191  0 
16.205  0 
16.233  0 
16.245  0 
16.269  0 
16.293  0 
16.316  0 
16.33  0 
16.357  0 
16.375  0 
16.397  0 
16.42  0 
16.437  9 
16.46  19 
16.482  34 
16.501  48 
16.522  63 
16.531  83 
16.558  97 
16.585  107 
16.602  117 
16.628  112 
16.635  107 
16.659  92 
16.683  73 
16.696  43 
16.72  19 
16.744  4 
16.758  0 
16.781  0 
16.809  0 
16.826  0 
16.854  0 
16.865  0 
16.89  0 
16.911  0 
16.92  0 
16.944  0 
16.97  0 
16.986  0 
17.001  0 
17.028  0 
17.05  0 
17.07  0 
17.095  0 
17.11  0 
17.132  0 
17.15  0 
17.169  0 
17.191  0 
17.214  0 
17.236  0 
17.254  0 
17.268  0 
17.294  0 
17.306  0 
17.33  0 
17.354  0 
17.37  0 
17.386  0 
17.41  0 
17.434  0 
17.458  0 
17.471  0 
17.495  0 
17.519  0 
17.535  0 
17.558  0 
17.58  4 
17.602  24 
17.611  48 
17.635  87 
17.662  117 
17.689  107 
17.696  97 
17.72  92 
17.734  73 
17.758  58 
17.781  48 
17.805  34 
17.823  19 
17.845  14 
17.864  4 
17.885  0 
17.907  0 
17.916  0 
17.94  0 
17.964  0 
17.978  0 
18.004  0 
18.026  0 
18.049  0 
18.066  0 
18.089  0 
18.111  0 
18.134  0 
18.15  0 
18.169  0 
18.188  0 
18.204  0 
18.229  0 
18.251  0 
18.268  0 
18.291  0 
18.314  0 
18.334  0 
18.355  0 
18.377  0 
18.395  0 
18.409  0 
18.433  0 
18.446  0 
18.47  0 
18.494  0 
18.508  0 
18.531  0 
18.555  0 
18.582  0 
18.591  0 
18.615  0 
18.629  0 
18.653  0 
18.676  0 
18.7  9 
18.714  14 
18.738  29 
18.754  34 
18.778  48 
18.805  63 
18.814  73 
18.838  87 
18.861  97 
18.889  107 
18.906  112 
18.929  117 
18.938  117 
18.961  78 
18.985  39 
18.998  14 
19.021  0 
19.045  0 
19.059  0 
19.083  0 
19.106  0 
19.12  0 
19.144  0 
19.169  0 
19.181  0 
19.205  0 
19.229  0 
19.255  0 
19.275  0 
19.297  0 
19.312  0 
19.326  0 
19.35  0 
19.364  0 
19.388  0 
19.42  0 
19.428  0 
19.451  0 
19.48  0 
19.493  0 
19.516  0 
19.539  0 
19.556  0 
19.579  0 
19.594  0 
19.609  0 
19.655  0 
19.657  0 
19.672  0 
19.696  0 
19.71  0 
19.736  0 
19.76  0 
19.774  0 
19.801  0 
19.819  0 
19.841  0 
19.864  0 
19.881  9 
19.904  39 
19.926  73 
19.943  107 
19.969  97 
19.986  87 
20.009  78 
20.026  68 
20.049  58 
20.074  48 
20.089  34 
20.111  29 
20.129  19 
20.143  9 
20.169  4 
20.181  0 
20.205  0 
20.229  0 
20.243  0 
20.27  0 
20.288  0 
20.31  0 
20.333  0 
20.35  0 
20.375  0 
20.391  0 
20.414  0 
20.439  0 
20.454  0 
20.468  0 
20.494  0 
20.506  0 
20.53  0 
20.554  0 
20.568  0 
20.594  0 
20.616  0 
20.63  0 
20.654  0 
20.681  0 
20.694  0 
20.718  0 
20.731  0 
20.755  0 
20.783  0 
20.8  0 
20.814  0 
20.838  0 
20.851  0 
20.875  0 
20.899  0 
20.923  0 
20.936  4 
20.96  9 
20.976  19 
21.0  24 
21.014  34 
21.038  39 
21.061  53 
21.085  58 
21.099  68 
21.123  83 
21.146  87 
21.16  97 
21.184  107 
21.208  112 
21.221  117 
21.249  78 
21.268  43 
21.29  9 
21.308  0 
21.33  0 
21.353  0 
21.373  0 
21.385  0 
21.409  0 
21.426  0 
21.443  0 
21.466  0 
21.507  0 
21.515  0 
21.528  0 
21.551  0 
21.585  0 
21.588  0 
21.614  0 
21.626  0 
21.653  0 
21.675  0 
21.689  0 
21.713  0 
21.736  0 
21.759  0 
21.776  0 
21.806  0 
21.819  0 
21.841  0 
21.859  0 
21.899  0 
21.9  0 
21.913  0 
21.936  0 
21.961  0 
21.975  0 
21.998  0 
22.02  0 
22.043  0 
22.065  0 
22.083  0 
22.105  0 
22.128  0 
22.145  0 
22.159  4 
22.185  29 
22.208  68 
22.231  97 
22.239  92 
22.269  87 
22.286  78 
22.309  68 
22.326  58 
22.349  48 
22.371  39 
22.389  29 
22.411  24 
22.434  14 
22.456  9 
22.465  4 
22.488  0 
22.51  0 
22.533  0 
22.55  0 
22.573  0 
22.592  0 
22.613  0 
22.635  0 
22.658  0 
22.675  0 
22.689  0 
22.713  0 
22.726  0 
22.75  0 
22.777  0 
22.789  0 
22.815  0 
22.838  0 
22.851  0 
22.875  0 
22.899  0 
22.913  0 
22.936  0 
22.96  0 
22.975  0 
23.0  0 
23.021  0 
23.038  0 
23.051  0 
23.075  0 
23.099  0 
23.123  0 
23.136  0 
23.16  0 
23.184  0 
23.198  4 
23.221  9 
23.253  14 
23.268  19 
23.285  29 
23.308  34 
23.33  43 
23.348  53 
23.37  58 
23.393  68 
23.41  78 
23.424  87 
23.448  97 
23.478  102 
23.493  107 
23.515  117 
23.524  87 
23.548  48 
23.574  14 
23.586  0 
23.61  0 
23.634  0 
23.648  0 
23.671  0 
23.695  0 
23.713  0 
23.738  0 
23.764  0 
23.779  0 
23.794  0 
23.82  0 
23.836  0 
23.862  0 
23.878  0 
23.9  0 
23.909  0 
23.933  0 
23.956  0 
23.97  0 
24.007  0 
24.014  0 
24.038  0 
24.051  0 
24.079  0 
24.093  0 
24.116  0 
24.14  0 
24.164  0 
24.178  0 
24.23  0 
24.234  0 
24.273  0 
24.278  0 
24.288  0 
24.305  0 
24.324  0 
24.337  0 
24.36  0 
24.387  0 
24.399  0 
24.423  0 
24.449  0 
24.461  24 
24.492  58 
24.508  87 
24.535  97 
24.549  87 
24.571  78 
24.594  68 
24.611  58 
24.634  48 
24.656  43 
24.674  34 
24.69  24 
24.718  19 
24.726  9 
24.75  4 
24.774  4 
24.788  0 
24.811  0 
24.835  0 
24.849  0 
24.873  0 
24.896  0 
24.91  0 
24.934  0 
24.956  0 
24.979  0 
25.001  0 
25.02  0 
25.043  0 
25.061  0 
25.07  0 
25.097  0 
25.119  0 
25.133  0 
25.159  0 
25.173  0 
25.196  0 
25.224  0 
25.241  0 
25.264  0 
25.286  0 
25.304  0 
25.326  0 
25.335  0 
25.359  0 
25.386  0 
25.398  0 
25.421  0 
25.445  0 
25.469  0 
25.484  0 
25.506  4 
25.529  4 
25.546  14 
25.565  24 
25.591  34 
25.609  39 
25.631  48 
25.654  58 
25.671  73 
25.694  78 
25.709  87 
25.731  97 
25.754  102 
25.771  107 
25.794  117 
25.815  102 
25.836  58 
25.859  24 
25.865  0 
25.889  0 
25.915  0 
25.94  0 
25.958  0 
25.971  0 
25.995  0 
26.009  0 
26.033  0 
26.059  0 
26.071  0 
26.099  0 
26.123  0 
26.146  0 
26.156  0 
26.184  0 
26.201  0 
26.215  0 
26.239  0 
26.258  0 
26.291  0 
26.296  0 
26.318  0 
26.341  0 
26.365  0 
26.383  0 
26.407  0 
26.42  0 
26.448  0 
26.465  0 
26.488  0 
26.51  0 
26.524  0 
26.548  0 
26.57  0 
26.588  0 
26.61  0 
26.619  0 
26.651  0 
26.66  0 
26.684  0 
26.71  0 
26.728  0 
26.748  19 
26.769  53 
26.791  87 
26.817  102 
26.833  92 
26.855  83 
26.873  73 
26.895  63 
26.912  53 
26.934  43 
26.958  34 
26.972  24 
26.995  14 
27.019  9 
27.033  0 
27.056  0 
27.081  0 
27.094  0 
27.119  0 
27.138  0 
27.154  0 
27.176  0 
27.19  0 
27.214  0 
27.238  0 
27.261  0 
27.275  0 
27.299  0 
27.323  0 
27.339  0 
27.361  0 
27.385  0 
27.399  0 
27.426  0 
27.449  0 
27.466  0 
27.475  0 
27.499  0 
27.523  0 
27.536  0 
27.56  0 
27.584  0 
27.598  0 
27.621  0 
27.645  0 
27.669  0 
27.688  0 
27.709  0 
27.731  0 
27.74  0 
27.764  0 
27.788  0 
27.801  4 
27.825  9 
27.849  19 
27.876  24 
27.895  34 
27.908  43 
27.935  53 
27.953  68 
27.975  78 
27.998  92 
28.015  97 
28.038  112 
28.063  117 
28.078  117 
28.1  127 
28.109  73 
28.136  39 
28.164  9 
28.18  0 
28.189  0 
28.213  0 
28.236  0 
28.25  0 
28.284  0 
28.293  0 
28.316  0 
28.34  0 
28.354  0 
28.373  0 
28.401  0 
28.427  0 
28.441  0 
28.464  0 
28.483  0 
28.514  0 
28.527  0 
28.544  0 
28.564  0 
28.585  0 
28.604  0 
28.626  0 
28.643  0 
28.665  0 
28.682  0 
28.704  0 
28.728  0 
28.741  0 
28.775  0 
28.787  0 
28.812  0 
28.827  0 
28.849  0 
28.876  0 
28.888  0 
28.914  0 
28.943  0 
28.946  0 
28.968  0 
28.994  0 
29.006  0 
29.03  19 
29.054  48 
29.068  87 
29.092  117 
29.115  97 
29.129  92 
29.156  83 
29.174  68 
29.196  58 
29.219  48 
29.236  34 
29.259  24 
29.281  14 
29.299  4 
29.321  0 
29.338  0 
29.351  0 
29.378  0 
29.404  0 
29.421  0 
29.445  0 
29.464  0 
29.476  0 
29.5  0 
29.514  0 
29.538  0 
29.561  0 
29.585  0 
29.599  0 
29.623  0 
29.654  0 
29.664  0 
29.686  0 
29.709  0 
29.726  0 
29.745  0 
29.771  0 
29.789  0 
29.803  0 
