0.001  63 
0.115  190 
0.139  180 
0.162  161 
0.177  141 
0.21  127 
0.22  117 
0.242  107 
0.26  102 
0.282  102 
0.305  102 
0.33  102 
0.345  102 
0.367  112 
0.385  122 
0.407  136 
0.43  151 
0.447  171 
0.47  190 
0.487  205 
0.51  205 
0.527  200 
0.55  180 
0.572  156 
0.59  127 
0.612  102 
0.637  83 
0.652  68 
0.666  63 
0.693  63 
0.705  58 
0.729  58 
0.752  58 
0.766  63 
0.79  58 
0.814  58 
0.827  63 
0.851  58 
0.875  58 
0.897  58 
0.92  58 
0.937  63 
0.96  58 
0.969  58 
1.001  58 
1.01  58 
1.034  58 
1.057  58 
1.071  58 
1.097  58 
1.12  58 
1.142  58 
1.16  63 
1.182  63 
1.205  68 
1.222  83 
1.245  102 
1.267  131 
1.285  156 
1.307  180 
1.322  200 
1.345  210 
1.367  205 
1.385  190 
1.405  175 
1.428  156 
1.45  141 
1.472  127 
1.494  117 
1.507  107 
1.53  107 
1.552  102 
1.57  102 
1.592  102 
1.615  112 
1.632  117 
1.655  127 
1.677  141 
1.692  161 
1.715  180 
1.735  195 
1.757  210 
1.78  205 
1.797  190 
1.82  171 
1.829  146 
1.852  117 
1.88  97 
1.889  78 
1.912  68 
1.936  63 
1.95  63 
1.974  58 
1.997  58 
2.011  58 
2.035  58 
2.059  58 
2.082  58 
2.1  58 
2.122  58 
2.147  58 
2.162  58 
2.185  58 
2.207  58 
2.225  58 
2.247  63 
2.256  58 
2.28  58 
2.304  58 
2.326  58 
2.344  58 
2.366  58 
2.389  58 
2.406  58 
2.429  63 
2.451  63 
2.469  73 
2.488  87 
2.514  112 
2.531  136 
2.554  166 
2.571  185 
2.594  200 
2.616  210 
2.634  200 
2.656  190 
2.679  175 
2.696  156 
2.719  141 
2.736  127 
2.77  117 
2.78  112 
2.796  107 
2.81  107 
2.834  107 
2.857  107 
2.871  117 
2.904  127 
2.921  136 
2.944  151 
2.952  166 
2.976  185 
3.0  200 
3.014  210 
3.037  205 
3.061  185 
3.075  161 
3.107  141 
3.116  112 
3.14  87 
3.164  73 
3.178  68 
3.201  63 
3.225  58 
3.239  58 
3.262  58 
3.286  63 
3.311  58 
3.326  58 
3.349  58 
3.366  58 
3.389  58 
3.411  58 
3.429  58 
3.451  58 
3.474  63 
3.491  58 
3.508  58 
3.53  63 
3.544  63 
3.569  58 
3.591  58 
3.615  58 
3.629  58 
3.652  58 
3.676  58 
3.69  63 
3.716  68 
3.739  78 
3.756  92 
3.779  117 
3.801  141 
3.819  166 
3.841  190 
3.864  205 
3.881  205 
3.904  200 
3.913  185 
3.936  171 
3.963  151 
3.975  141 
3.999  127 
4.022  117 
4.036  112 
4.059  112 
4.081  112 
4.105  112 
4.122  112 
4.145  122 
4.162  131 
4.185  141 
4.207  156 
4.225  175 
4.247  190 
4.27  200 
4.287  210 
4.31  195 
4.327  175 
4.35  156 
4.372  131 
4.39  102 
4.412  83 
4.431  73 
4.452  63 
4.475  58 
4.484  58 
4.51  58 
4.531  58 
4.554  58 
4.576  58 
4.594  58 
4.616  58 
4.639  58 
4.656  58 
4.679  58 
4.701  58 
4.719  58 
4.744  58 
4.759  58 
4.781  58 
4.79  58 
4.822  58 
4.831  58 
4.855  58 
4.879  58 
4.892  58 
4.916  58 
4.944  58 
4.961  63 
4.984  68 
5.006  83 
5.024  97 
5.046  122 
5.069  151 
5.086  171 
5.116  190 
5.131  205 
5.146  205 
5.169  195 
5.186  185 
5.21  171 
5.231  151 
5.249  141 
5.271  127 
5.294  122 
5.311  122 
5.333  112 
5.354  112 
5.371  112 
5.394  117 
5.419  127 
5.434  136 
5.456  146 
5.474  166 
5.496  180 
5.514  195 
5.536  205 
5.559  205 
5.576  190 
5.599  171 
5.621  146 
5.639  122 
5.652  97 
5.676  78 
5.69  68 
5.717  63 
5.74  58 
5.76  58 
5.782  58 
5.8  58 
5.822  58 
5.845  58 
5.862  58 
5.885  58 
5.894  58 
5.926  58 
5.935  58 
5.959  58 
5.982  58 
5.996  63 
6.02  58 
6.044  58 
6.058  58 
6.081  58 
6.105  58 
6.129  58 
6.146  58 
6.166  58 
6.189  58 
6.211  58 
6.22  63 
6.252  73 
6.261  83 
6.294  102 
6.316  131 
6.334  156 
6.351  175 
6.374  195 
6.396  205 
6.414  205 
6.436  200 
6.459  185 
6.476  171 
6.496  151 
6.519  141 
6.536  131 
6.56  122 
6.581  117 
6.61  117 
6.62  117 
6.642  117 
6.651  122 
6.675  131 
6.699  141 
6.721  156 
6.744  171 
6.766  190 
6.784  200 
6.798  205 
6.821  200 
6.835  185 
6.859  166 
6.885  141 
6.899  112 
6.922  92 
6.946  78 
6.96  68 
6.984  63 
7.007  58 
7.021  58 
7.045  58 
7.069  58 
7.083  58 
7.106  58 
7.129  58 
7.151  58 
7.174  58 
7.191  58 
7.205  58 
7.229  58 
7.243  58 
7.266  58 
7.29  58 
7.304  58 
7.327  58 
7.35  58 
7.37  58 
7.393  58 
7.415  58 
7.437  58 
7.455  58 
7.477  63 
7.5  63 
7.517  73 
7.54  87 
7.562  112 
7.58  136 
7.594  161 
7.617  180 
7.631  195 
7.655  205 
7.679  200 
7.693  195 
7.716  180 
7.74  166 
7.754  146 
7.78  141 
7.804  131 
7.818  127 
7.841  117 
7.865  122 
7.89  122 
7.899  122 
7.923  127 
7.945  136 
7.967  151 
7.985  166 
8.007  180 
8.03  190 
8.047  205 
8.07  205 
8.092  195 
8.11  175 
8.127  156 
8.15  131 
8.169  107 
8.19  87 
8.212  73 
8.235  63 
8.252  58 
8.275  58 
8.297  58 
8.315  58 
8.332  58 
8.355  58 
8.377  58 
8.395  58 
8.417  58 
8.44  58 
8.457  58 
8.476  58 
8.489  58 
8.521  53 
8.53  58 
8.557  58 
8.58  58 
8.598  58 
8.62  58 
8.642  58 
8.66  58 
8.682  58 
8.705  58 
8.723  58 
8.745  63 
8.767  68 
8.785  78 
8.801  92 
8.829  122 
8.838  141 
8.861  166 
8.885  180 
8.899  200 
8.923  205 
8.946  200 
8.969  190 
8.986  180 
9.009  166 
9.031  151 
9.049  141 
9.071  131 
9.094  127 
9.111  122 
9.134  122 
9.151  122 
9.173  127 
9.194  136 
9.215  141 
9.237  156 
9.255  171 
9.277  185 
9.3  200 
9.317  205 
9.335  200 
9.357  190 
9.38  171 
9.397  151 
9.42  122 
9.429  97 
9.461  83 
9.47  73 
9.494  63 
9.51  63 
9.542  58 
9.561  58 
9.582  58 
9.605  58 
9.622  58 
9.645  63 
9.654  58 
9.678  58 
9.701  58 
9.715  53 
9.739  53 
9.761  58 
9.784  63 
9.806  58 
9.824  58 
9.846  58 
9.869  58 
9.889  58 
9.911  58 
9.929  58 
9.951  58 
9.969  58 
9.991  58 
10.014  63 
10.031  73 
10.045  83 
10.071  102 
10.094  122 
10.116  146 
10.125  171 
10.149  185 
10.176  200 
10.194  205 
10.214  200 
10.236  190 
10.259  175 
10.268  161 
10.292  151 
10.315  141 
10.329  131 
10.361  127 
10.379  127 
10.401  127 
10.424  127 
10.451  131 
10.454  141 
10.476  151 
10.5  166 
10.514  180 
10.546  190 
10.564  200 
10.586  205 
10.595  200 
10.621  180 
10.645  161 
10.659  141 
10.683  117 
10.706  92 
10.72  78 
10.744  68 
10.765  58 
10.788  58 
10.805  58 
10.827  58 
10.85  58 
10.868  58 
10.89  58 
10.912  58 
10.93  58 
10.944  53 
10.968  58 
10.991  58 
11.005  58 
11.031  58 
11.045  58 
11.069  58 
11.093  58 
11.106  53 
11.13  58 
11.154  58 
11.176  53 
11.199  58 
11.216  58 
11.23  58 
11.257  58 
11.269  63 
11.293  73 
11.316  87 
11.33  107 
11.354  127 
11.38  156 
11.401  175 
11.416  190 
11.438  200 
11.461  205 
11.475  200 
11.499  190 
11.523  175 
11.549  161 
11.558  146 
11.581  141 
11.609  136 
11.626  127 
11.64  127 
11.664  127 
11.678  131 
11.701  136 
11.73  146 
11.744  156 
11.766  171 
11.789  185 
11.806  195 
11.829  205 
11.851  200 
11.869  195 
11.891  175 
11.914  156 
11.939  131 
11.954  107 
11.971  83 
11.994  73 
12.011  63 
12.034  58 
12.056  58 
12.074  53 
12.096  58 
12.119  58 
12.136  58 
12.159  58 
12.168  58 
12.191  58 
12.215  58 
12.229  58 
12.253  58 
12.276  58 
12.29  58 
12.316  58 
12.34  58 
12.354  58 
12.381  58 
12.404  58 
12.426  58 
12.444  58 
12.453  58 
12.485  58 
12.494  58 
12.518  58 
12.541  68 
12.555  78 
12.579  92 
12.601  112 
12.624  136 
12.646  161 
12.664  180 
12.686  195 
12.711  200 
12.726  205 
12.749  195 
12.771  185 
12.786  175 
12.809  161 
12.831  151 
12.849  141 
12.871  136 
12.894  131 
12.911  131 
12.934  131 
12.956  136 
12.971  141 
12.994  151 
13.014  166 
13.035  180 
13.056  195 
13.079  200 
13.096  205 
13.119  200 
13.141  185 
13.156  171 
13.179  146 
13.201  122 
13.219  102 
13.241  83 
13.25  73 
13.282  68 
13.291  58 
13.315  58 
13.339  58 
13.369  53 
13.384  58 
13.406  58 
13.427  58 
13.439  58 
13.463  58 
13.476  53 
13.5  53 
13.524  58 
13.538  58 
13.561  58 
13.584  58 
13.606  58 
13.629  58 
13.648  58 
13.669  58 
13.691  58 
13.709  58 
13.731  58 
13.748  58 
13.775  58 
13.784  63 
13.808  68 
13.835  83 
13.844  97 
13.876  122 
13.894  141 
13.916  166 
13.925  180 
13.949  195 
13.973  205 
13.995  200 
14.017  195 
14.04  185 
14.057  171 
14.08  161 
14.089  151 
14.113  141 
14.136  136 
14.153  136 
14.179  136 
14.2  136 
14.222  141 
14.245  146 
14.262  161 
14.276  171 
14.293  185 
14.316  195 
14.34  200 
14.367  205 
14.385  195 
14.407  180 
14.416  161 
14.44  136 
14.464  117 
14.478  92 
14.501  78 
14.525  68 
14.539  63 
14.565  58 
14.589  58 
14.603  53 
14.626  58 
14.64  58 
14.664  53 
14.688  53 
14.701  58 
14.725  58 
14.749  53 
14.773  53 
14.79  58 
14.813  53 
14.831  58 
14.853  58 
14.875  53 
14.893  58 
14.915  58 
14.938  53 
14.955  58 
14.975  58 
14.989  58 
15.013  58 
15.036  58 
15.05  63 
15.074  73 
15.098  87 
15.111  102 
15.135  127 
15.159  146 
15.175  171 
15.202  185 
15.222  200 
15.236  205 
15.26  200 
15.274  195 
15.298  185 
15.321  171 
15.335  161 
15.359  151 
15.383  146 
15.396  136 
15.429  136 
15.438  136 
15.461  141 
15.485  146 
15.499  151 
15.525  166 
15.549  180 
15.571  190 
15.586  200 
15.609  205 
15.626  200 
15.649  190 
15.671  171 
15.689  156 
15.711  131 
15.734  107 
15.751  87 
15.774  78 
15.791  63 
15.814  63 
15.836  58 
15.861  58 
15.876  58 
15.899  58 
15.916  58 
15.939  58 
15.948  53 
15.971  53 
15.994  58 
16.016  53 
16.039  53 
16.057  58 
16.079  58 
16.101  53 
16.119  58 
16.141  58 
16.164  58 
16.189  58 
16.204  58 
16.213  58 
16.245  58 
16.254  58 
16.278  58 
16.301  63 
16.315  68 
16.339  78 
16.363  92 
16.39  112 
16.413  131 
16.423  156 
16.445  171 
16.468  190 
16.485  200 
16.508  205 
16.53  200 
16.548  190 
16.567  180 
16.593  171 
16.608  161 
16.63  151 
16.653  146 
16.67  141 
16.693  141 
16.715  141 
16.733  146 
16.755  151 
16.778  161 
16.793  171 
16.815  185 
16.838  190 
16.853  200 
16.876  210 
16.899  195 
16.921  180 
16.939  166 
16.961  146 
16.979  122 
17.001  102 
17.019  83 
17.041  73 
17.064  68 
17.081  58 
17.104  58 
17.113  58 
17.136  58 
17.16  53 
17.174  58 
17.198  58 
17.224  53 
17.243  58 
17.256  58 
17.28  58 
17.304  58 
17.318  58 
17.341  53 
17.365  58 
17.379  53 
17.405  53 
17.431  58 
17.449  58 
17.471  58 
17.489  58 
17.511  58 
17.534  58 
17.551  58 
17.565  63 
17.589  68 
17.603  78 
17.629  97 
17.653  117 
17.67  136 
17.693  161 
17.715  175 
17.733  190 
17.755  200 
17.778  205 
17.795  200 
17.818  190 
17.84  180 
17.858  171 
17.881  161 
17.903  156 
17.92  146 
17.934  146 
17.958  146 
17.974  146 
18.0  151 
18.021  161 
18.044  166 
18.066  180 
18.084  190 
18.098  195 
18.13  205 
18.139  200 
18.163  195 
18.185  175 
18.208  161 
18.23  136 
18.249  117 
18.262  92 
18.285  78 
18.299  68 
18.323  58 
18.346  58 
18.36  58 
18.384  53 
18.4  53 
18.424  53 
18.448  58 
18.461  58 
18.485  58 
18.509  53 
18.523  58 
18.546  53 
18.57  58 
18.584  58 
18.61  53 
18.636  58 
18.654  58 
18.676  53 
18.685  53 
18.718  58 
18.726  53 
18.75  53 
18.774  58 
18.788  58 
18.811  58 
18.834  63 
18.856  73 
18.875  83 
18.896  102 
18.919  127 
18.941  141 
18.959  166 
18.981  180 
19.004  195 
19.028  200 
19.036  205 
19.06  200 
19.084  190 
19.098  180 
19.121  171 
19.145  161 
19.159  156 
19.183  156 
19.196  146 
19.22  146 
19.245  151 
19.268  156 
19.281  166 
19.308  175 
19.321  185 
19.345  195 
19.369  200 
19.383  200 
19.413  200 
19.428  185 
19.45  171 
19.468  151 
19.49  131 
19.513  107 
19.53  87 
19.553  78 
19.575  68 
19.595  58 
19.616  58 
19.639  58 
19.659  53 
19.668  58 
19.691  58 
19.715  58 
19.729  53 
19.753  58 
19.776  58 
19.79  58 
19.817  58 
19.838  58 
19.86  58 
19.883  58 
19.9  58 
19.923  58 
19.945  58 
19.963  53 
19.976  53 
20.0  58 
20.014  58 
20.041  58 
20.06  58 
20.083  63 
20.104  68 
20.126  78 
20.147  87 
20.168  107 
20.19  131 
20.208  151 
20.23  171 
20.245  185 
20.268  195 
20.285  200 
20.308  200 
20.33  195 
20.348  185 
20.367  180 
20.393  171 
20.41  161 
20.433  156 
20.45  151 
20.473  151 
20.495  151 
20.513  156 
20.54  166 
20.555  171 
20.578  180 
20.595  190 
20.618  195 
20.635  205 
20.658  205 
20.677  195 
20.695  180 
20.721  166 
20.739  146 
20.761  122 
20.787  102 
20.8  83 
20.824  73 
20.84  63 
20.863  58 
20.885  58 
20.903  58 
20.925  58 
20.934  58 
20.958  58 
20.981  53 
20.995  58 
21.025  58 
21.043  53 
21.065  53 
21.088  58 
21.105  53 
21.128  58 
21.15  53 
21.171  53 
21.189  58 
21.203  53 
21.226  58 
21.24  58 
21.264  53 
21.288  58 
21.301  58 
21.325  58 
21.349  63 
21.363  68 
21.386  78 
21.41  92 
21.44  117 
21.455  136 
21.473  156 
21.495  171 
21.518  185 
21.535  200 
21.558  205 
21.58  200 
21.598  195 
21.62  190 
21.638  180 
21.66  171 
21.678  166 
21.7  156 
21.723  156 
21.748  156 
21.763  156 
21.786  161 
21.803  166 
21.825  175 
21.843  185 
21.865  190 
21.888  200 
21.905  205 
21.919  200 
21.943  190 
21.956  175 
21.978  156 
22.01  136 
22.028  117 
22.041  97 
22.065  83 
22.079  68 
22.103  63 
22.126  58 
22.143  58 
22.166  63 
22.19  58 
22.204  58 
22.226  58 
22.249  58 
22.271  53 
22.289  58 
22.311  58 
22.334  58 
22.351  58 
22.374  53 
22.396  53 
22.414  58 
22.428  53 
22.451  53 
22.475  58 
22.489  53 
22.513  53 
22.536  58 
22.553  53 
22.576  58 
22.6  63 
22.614  63 
22.638  73 
22.66  83 
22.683  102 
22.7  122 
22.723  141 
22.745  161 
22.763  175 
22.785  190 
22.794  200 
22.818  205 
22.844  200 
22.865  195 
22.879  190 
22.903  180 
22.916  171 
22.94  166 
22.964  161 
22.98  156 
23.004  156 
23.018  161 
23.041  166 
23.065  171 
23.089  180 
23.103  190 
23.126  195 
23.15  200 
23.164  205 
23.188  195 
23.212  180 
23.229  166 
23.252  151 
23.273  131 
23.29  112 
23.313  92 
23.335  78 
23.353  68 
23.375  63 
23.398  58 
23.418  58 
23.433  58 
23.455  58 
23.473  58 
23.495  53 
23.518  58 
23.535  58 
23.558  58 
23.58  58 
23.598  58 
23.62  53 
23.643  58 
23.651  58 
23.675  58 
23.699  58 
23.713  58 
23.736  58 
23.76  53 
23.776  58 
23.8  53 
23.824  58 
23.838  53 
23.865  63 
23.888  68 
23.905  78 
23.928  87 
23.95  107 
23.968  127 
23.99  146 
24.013  166 
24.03  180 
24.044  190 
24.066  200 
24.089  205 
24.106  200 
24.127  195 
24.149  185 
24.169  175 
24.19  171 
24.214  166 
24.235  161 
24.25  161 
24.273  161 
24.295  166 
24.313  171 
24.335  175 
24.358  185 
24.375  190 
24.398  200 
24.42  200 
24.438  200 
24.46  190 
24.478  175 
24.5  161 
24.531  141 
24.541  122 
24.564  102 
24.581  83 
24.595  73 
24.619  63 
24.633  58 
24.656  58 
24.68  53 
24.694  53 
24.718  53 
24.741  53 
24.755  53 
24.779  53 
24.803  53 
24.826  53 
24.849  53 
24.874  53 
24.889  58 
24.898  58 
24.922  53 
24.945  58 
24.959  53 
24.983  53 
25.007  58 
25.02  58 
25.044  53 
25.066  58 
25.089  58 
25.111  58 
25.129  63 
25.151  73 
25.174  78 
25.191  92 
25.214  112 
25.236  131 
25.261  151 
25.276  171 
25.294  180 
25.316  195 
25.339  200 
25.356  205 
25.379  200 
25.401  190 
25.419  190 
25.441  180 
25.459  171 
25.481  171 
25.499  166 
25.521  166 
25.544  166 
25.569  171 
25.584  175 
25.606  180 
25.624  190 
25.646  195 
25.664  200 
25.686  200 
25.709  195 
25.726  185 
25.74  171 
25.764  156 
25.778  136 
25.81  117 
25.819  92 
25.843  78 
25.869  73 
25.882  63 
25.905  58 
25.929  58 
25.943  58 
25.966  53 
25.983  53 
26.006  53 
26.03  53 
26.053  53 
26.075  58 
26.093  53 
26.115  53 
26.124  53 
26.148  58 
26.172  53 
26.185  53 
26.209  53 
26.233  53 
26.246  53 
26.273  53 
26.294  53 
26.316  53 
26.339  53 
26.356  53 
26.379  58 
26.398  63 
26.419  73 
26.441  83 
26.45  97 
26.483  112 
26.505  136 
26.523  156 
26.537  171 
26.56  185 
26.574  195 
26.598  200 
26.622  200 
26.635  195 
26.659  190 
26.683  185 
26.707  180 
26.72  175 
26.744  166 
26.768  166 
26.782  166 
26.805  166 
26.829  171 
26.843  180 
26.873  185 
26.888  190 
26.91  200 
26.928  200 
26.95  200 
26.973  190 
26.99  180 
27.013  166 
27.035  146 
27.05  127 
27.073  107 
27.094  87 
27.115  78 
27.138  68 
27.155  63 
27.185  58 
27.2  53 
27.218  53 
27.232  53 
27.259  53 
27.276  53 
27.299  53 
27.321  53 
27.339  53 
27.361  53 
27.37  53 
27.394  53 
27.418  53 
27.442  53 
27.455  53 
27.483  53 
27.5  53 
27.523  53 
27.548  53 
27.563  53 
27.585  53 
27.603  58 
27.625  58 
27.648  63 
27.665  68 
27.679  73 
27.703  87 
27.727  107 
27.74  122 
27.764  141 
27.788  161 
27.802  175 
27.825  185 
27.849  195 
27.863  200 
27.89  200 
27.908  195 
27.93  190 
27.955  185 
27.97  180 
27.993  171 
28.015  171 
28.033  166 
28.055  171 
28.073  171 
28.096  175 
28.118  185 
28.135  190 
28.158  195 
28.18  200 
28.198  200 
28.22  195 
28.243  185 
28.26  171 
28.283  156 
28.3  141 
28.323  122 
28.345  107 
28.354  83 
28.377  73 
28.4  63 
28.414  58 
28.438  58 
28.461  58 
28.483  53 
28.505  53 
28.523  58 
28.545  53 
28.568  53 
28.585  53 
28.608  53 
28.624  53 
28.651  53 
28.66  53 
28.683  58 
28.707  53 
28.73  53 
28.745  53 
28.768  53 
28.785  53 
28.808  53 
28.83  53 
28.847  58 
28.868  53 
28.896  58 
28.914  63 
28.923  68 
28.955  78 
28.972  92 
28.999  107 
29.017  131 
29.039  146 
29.056  166 
29.079  180 
29.096  190 
29.119  195 
29.136  205 
29.159  200 
29.181  195 
29.199  190 
29.221  185 
29.244  180 
29.261  175 
29.286  171 
29.301  171 
29.324  171 
29.341  175 
29.364  180 
29.386  185 
29.404  190 
29.426  200 
29.44  200 
29.468  200 
29.477  195 
29.5  180 
29.524  166 
29.538  151 
29.562  131 
29.585  112 
29.599  97 
29.623  83 
29.652  73 
29.667  63 
29.687  58 
29.709  58 
29.731  53 
29.754  53 
29.771  53 
29.785  53 
29.809  53 
29.823  53 
29.847  53 
29.87  53 
29.893  53 
29.91  53 
