0.000277996063232  0 
0.207813024521  0 
0.230413913727  0 
0.247865915298  0 
0.270622014999  0 
0.292868852615  0 
0.310341835022  0 
0.332887887955  0 
0.355381965637  0 
0.374454021454  0 
0.395326852798  0 
0.404219865799  0 
0.427877902985  0 
0.451647996902  0 
0.465420007706  0 
0.48915886879  0 
0.512887954712  0 
0.536669969559  0 
0.550369977951  0 
0.574160814285  0 
0.597872018814  0 
0.611784934998  0 
0.635396957397  0 
0.659159898758  0 
0.674013853073  0 
0.696666002274  0 
0.719065904617  0 
0.741591930389  0 
0.750417947769  0 
0.774123907089  0 
0.797876834869  0 
0.811640024185  0 
0.835372924805  0 
0.859138011932  0 
0.872889995575  0 
0.899104833603  0 
0.922904968262  0 
0.936652898788  0 
0.960348844528  0 
0.982836961746  0 
1.00537586212  0 
1.02789592743  0 
1.05031394958  0 
1.06897497177  0 
1.07664585114  0 
1.10036492348  0 
1.12414884567  0 
1.13790392876  0 
1.16165089607  0 
1.18539881706  0 
1.1991648674  0 
1.22288799286  0 
1.25043392181  0 
1.26783800125  0 
1.29036283493  0 
1.31284284592  0 
1.3319299221  0 
1.35823583603  0 
1.35949587822  0 
1.38166284561  0 
1.41405797005  0 
1.42293190956  0 
1.4466278553  0 
1.4703938961  0 
1.48416185379  0 
1.51072597504  0 
1.53542685509  0 
1.55662488937  0 
1.57409501076  0 
1.59659099579  0 
1.61908483505  0 
1.63659095764  0 
1.65037083626  0 
1.6741809845  0 
1.68791794777  0 
1.71164488792  0 
1.73791384697  0 
1.75164198875  0 
1.77537703514  0 
1.79919600487  0 
1.81292581558  0 
1.83661484718  0 
1.86037397385  0 
1.87412285805  0 
1.89789390564  0 
1.92166090012  0 
1.93542385101  19 
1.95916199684  48 
1.98284983635  39 
1.99785089493  43 
2.02036881447  53 
2.04412603378  43 
2.05789780617  0 
2.0816450119  0 
2.10546088219  0 
2.11924600601  0 
2.14293599129  0 
2.16674494743  0 
2.18040394783  0 
2.20410585403  0 
2.22790193558  0 
2.24169683456  0 
2.26910996437  0 
2.28661680222  0 
2.30573582649  0 
2.33156895638  0 
2.34912896156  0 
2.37155795097  0 
2.3940808773  19 
2.41154980659  39 
2.4340698719  34 
2.44300794601  24 
2.46661901474  24 
2.49041795731  19 
2.50414586067  24 
2.53091096878  14 
2.55285596848  0 
2.56661081314  0 
2.59040594101  0 
2.61410403252  0 
2.63784098625  0 
2.65160083771  0 
2.67536902428  0 
2.68909502029  0 
2.71287703514  0 
2.73663496971  0 
2.76162290573  0 
2.77716684341  0 
2.79908800125  0 
2.81658792496  0 
2.8391058445  0 
2.86159992218  0 
2.87909197807  0 
2.90159201622  0 
2.91041088104  0 
2.93416285515  0 
2.95789980888  0 
2.97165703773  0 
2.9954059124  24 
3.01916885376  24 
3.04286694527  19 
3.05664181709  19 
3.08040785789  19 
3.10411691666  0 
3.11790800095  0 
3.14163589478  0 
3.16538000107  0 
3.1791138649  0 
3.20290184021  0 
3.21914792061  0 
3.24287295341  0 
3.25665092468  0 
3.28040003777  0 
3.30414581299  0 
3.31792187691  0 
3.34165382385  0 
3.36541795731  0 
3.38912796974  0 
3.40289092064  0 
3.42666697502  0 
3.45042586327  0 
3.46413397789  0 
3.48794293404  0 
3.51030683517  0 
3.53781795502  0 
3.5528190136  0 
3.57533192635  0 
3.59283900261  4 
3.60670781136  4 
3.63036394119  4 
3.64414596558  9 
3.66792583466  9 
3.69164681435  4 
3.70542097092  0 
3.73163890839  0 
3.7553858757  0 
3.77790403366  0 
3.79532003403  0 
3.81782793999  0 
3.84034085274  0 
3.85786700249  0 
3.87230682373  0 
3.89535593987  0 
3.91792798042  0 
3.93163585663  0 
3.95535302162  0 
3.97912788391  0 
3.99290800095  0 
4.01662397385  0 
4.03909993172  9 
4.06160998344  29 
4.0840818882  34 
4.10170292854  29 
4.12415194511  29 
4.14317989349  39 
4.15544390678  9 
4.17910695076  0 
4.20285701752  0 
4.2166249752  0 
4.24042797089  0 
4.26415896416  0 
4.2816028595  0 
4.30409502983  0 
4.32658982277  0 
4.34411287308  0 
4.36657381058  0 
4.38910698891  0 
4.40660881996  0 
4.42908287048  0 
4.45156884193  0 
4.46906089783  0 
4.48295783997  0 
4.50665593147  0 
4.52288389206  0 
4.54662084579  4 
4.57034397125  24 
4.5842590332  24 
4.61848187447  24 
4.62790298462  14 
4.6503508091  0 
4.67417693138  0 
4.68790984154  0 
4.71164798737  0 
4.73537302017  0 
4.74911093712  0 
4.78289103508  0 
4.79787683487  0 
4.80664300919  0 
4.83038783073  0 
4.85410499573  0 
4.86789393425  0 
4.90165781975  0 
4.91712784767  0 
4.92914891243  0 
4.95288395882  0 
4.9766459465  0 
4.99052786827  0 
5.01411581039  0 
5.04157781601  0 
5.05907392502  9 
5.07822585106  14 
5.10409593582  14 
5.12160587311  14 
5.13538980484  9 
5.15912103653  0 
5.17285084724  0 
5.19665193558  0 
5.22036099434  0 
5.23416280746  0 
5.25802302361  0 
5.28162693977  0 
5.29538393021  0 
5.31914186478  0 
5.34288096428  0 
5.3566069603  0 
5.38037896156  0 
5.40414690971  0 
5.41786694527  0 
5.44169688225  9 
5.46550893784  19 
5.47926402092  24 
5.50299787521  24 
5.52698302269  24 
5.55407094955  19 
5.56309294701  14 
5.5866458416  0 
5.60288786888  0 
5.62666296959  0 
5.65037202835  0 
5.66699886322  0 
5.68786096573  0 
5.71160888672  0 
5.72536683083  0 
5.74912786484  0 
5.77286100388  0 
5.79536700249  0 
5.81294083595  0 
5.83538484573  0 
5.85289502144  0 
5.87538480759  0 
5.89786291122  0 
5.91530799866  0 
5.94283390045  0 
5.94583892822  0 
5.96786689758  0 
5.99183988571  0 
6.01535797119  0 
6.02915883064  0 
6.05410790443  9 
6.07660293579  9 
6.09912180901  9 
6.11659383774  9 
6.13911700249  9 
6.16160488129  9 
6.17911791801  4 
6.20157980919  0 
6.22410082817  0 
6.24658298492  0 
6.25548791885  0 
6.27924585342  0 
6.29301285744  0 
6.3167309761  0 
6.34315896034  0 
6.35554385185  4 
6.3798148632  4 
6.40302181244  9 
6.41675782204  9 
6.44299697876  14 
6.45676493645  19 
6.47676086426  19 
6.50056886673  24 
6.52425789833  24 
6.55158185959  24 
6.56908583641  14 
6.57798790932  0 
6.61031699181  0 
6.61931800842  0 
6.64302682877  0 
6.66675281525  0 
6.68103194237  0 
6.70423102379  0 
6.7280049324  0 
6.74185085297  0 
6.76551890373  0 
6.78928899765  9 
6.8118698597  19 
6.83552002907  24 
6.85048890114  14 
6.87298703194  14 
6.89049482346  14 
6.90945982933  4 
6.93538284302  0 
6.95287084579  0 
6.97532200813  0 
6.99785685539  0 
7.01533198357  0 
7.02930283546  0 
7.05297803879  0 
7.07675886154  0 
7.0905418396  0 
7.11424803734  0 
7.1379840374  0 
7.15177488327  0 
7.17550992966  0 
7.19924783707  0 
7.21298384666  0 
7.23675394058  9 
7.26050686836  19 
7.27424097061  19 
7.3017578125  19 
7.32414293289  9 
7.34910297394  0 
7.36406803131  0 
7.37302589417  0 
7.39671993256  0 
7.42051792145  0 
7.4342648983  0 
7.45810103416  0 
7.48178100586  0 
7.49555802345  0 
7.51924085617  0 
7.54298901558  0 
7.55675888062  0 
7.58052587509  0 
7.60423183441  0 
7.61811685562  0 
7.64175796509  0 
7.66549801826  0 
7.68924093246  0 
7.70301198959  0 
7.72675800323  0 
7.75679898262  0 
7.76550483704  9 
7.78925085068  14 
7.81164884567  9 
7.83408594131  14 
7.85282182693  4 
7.86799097061  0 
7.88174796104  0 
7.9054980278  0 
7.92924189568  0 
7.95298981667  0 
7.9667828083  0 
7.9905128479  0 
8.01422595978  0 
8.02802300453  0 
8.05178689957  0 
8.07423496246  0 
8.09674286842  0 
8.11423897743  9 
8.13673496246  14 
8.15932488441  19 
8.1765768528  19 
8.19907999039  19 
8.22157788277  19 
8.23907399178  19 
8.26154780388  19 
8.2780008316  19 
8.30049586296  19 
8.31807303429  19 
8.34046983719  19 
8.36298298836  19 
8.38046097755  19 
8.40298390388  19 
8.42532396317  19 
8.45580792427  14 
8.4670958519  19 
8.49223399162  19 
8.49958896637  14 
8.52201700211  14 
8.54828596115  14 
8.56342792511  14 
8.58428287506  14 
8.59819102287  14 
8.62175488472  14 
8.64798688889  9 
8.66172480583  14 
8.68553781509  14 
8.70927596092  19 
8.73159599304  14 
8.74055290222  14 
8.76424002647  14 
8.78799080849  14 
8.8020169735  14 
8.82550597191  14 
8.84925985336  14 
8.8629899025  14 
8.88673996925  14 
8.9105348587  14 
8.93426585197  9 
8.95661282539  9 
8.97420096397  14 
8.9880130291  9 
9.01175999641  9 
9.02660298347  9 
9.04743599892  9 
9.07050800323  9 
9.09426498413  9 
9.10799884796  4 
9.13176202774  4 
9.15549302101  4 
9.16933083534  9 
9.19550395012  9 
9.21801400185  9 
9.24049091339  9 
9.25806999207  14 
9.28047204018  14 
9.30298995972  14 
9.32547092438  19 
9.34280395508  14 
9.36535191536  14 
9.38279700279  19 
9.39674782753  19 
9.42053699493  19 
9.44296789169  19 
9.46048784256  14 
9.48299002647  9 
9.50545096397  4 
9.53048181534  4 
9.54545903206  4 
9.56783103943  0 
9.58532381058  0 
9.60820698738  0 
9.61677289009  0 
9.6405069828  4 
9.66421198845  0 
9.69156599045  0 
9.70908880234  4 
9.71806192398  4 
9.75046801567  4 
9.77286982536  14 
9.78182482719  9 
9.80546689034  9 
9.83196997643  14 
9.84429788589  14 
9.86798787117  14 
9.89179396629  19 
9.90605902672  19 
9.93546485901  19 
9.95049381256  19 
9.97300386429  24 
9.99051499367  24 
10.0129508972  24 
10.0354559422  24 
10.0529849529  19 
10.0754678249  19 
10.0979509354  19 
10.1154808998  19 
10.1320569515  19 
10.1567900181  19 
10.1680109501  19 
10.1917798519  19 
10.2155439854  19 
10.2392499447  19 
10.2530379295  19 
10.2769589424  19 
10.3005468845  24 
10.3180449009  24 
10.3342468739  24 
10.3608558178  24 
10.381734848  24 
10.4041969776  19 
10.413022995  14 
10.4367449284  4 
10.4605038166  0 
10.4742228985  0 
10.4979839325  0 
10.5217528343  4 
10.5455238819  14 
10.5593378544  24 
10.5830099583  29 
10.6054928303  34 
10.6241259575  29 
10.6455168724  34 
10.6680119038  19 
10.6854639053  0 
10.7079930305  0 
10.7304580212  0 
10.7495989799  0 
10.7704629898  0 
10.7793238163  0 
10.8030228615  0 
10.826720953  0 
10.8492248058  0 
10.8717088699  0 
10.8892378807  0 
10.9117369652  0 
10.9342188835  0 
10.9517948627  0 
10.9742538929  0 
10.9830319881  0 
11.0067379475  0 
11.030507803  0 
11.0542550087  4 
11.0680038929  24 
11.0945498943  34 
11.1154768467  34 
11.1383018494  34 
11.1505060196  29 
11.1770269871  14 
11.1892659664  4 
11.212996006  0 
11.2367358208  0 
11.2505259514  0 
11.2742550373  0 
11.2979979515  0 
11.3118798733  0 
11.3382968903  0 
11.3592298031  0 
11.3816819191  0 
11.3905148506  0 
11.4142198563  0 
11.437983036  0 
11.4517469406  0 
11.475466013  0 
11.499245882  0 
11.5130150318  0 
11.5367729664  0 
11.5605688095  0 
11.5850279331  0 
11.599572897  9 
11.6242539883  29 
11.6467399597  34 
11.6642079353  39 
11.6867289543  43 
11.7092459202  14 
11.7267119884  0 
11.741519928  0 
11.7642569542  0 
11.7780208588  0 
11.8017418385  0 
11.8255238533  0 
11.8480308056  0 
11.8717348576  0 
11.8867378235  0 
11.9092619419  0 
11.9317088127  0 
11.9492418766  0 
11.9717049599  0 
11.9907839298  0 
12.0116999149  0 
12.0254759789  0 
12.0492730141  0 
12.0629928112  0 
12.0868098736  0 
12.1133069992  0 
12.1255378723  0 
12.1492400169  0 
12.1730079651  0 
12.1867699623  9 
12.2105138302  29 
12.2343788147  34 
12.2480709553  34 
12.2718498707  34 
12.2955658436  29 
12.3092620373  24 
12.335860014  14 
12.3567090034  9 
12.3792688847  4 
12.4017038345  0 
12.4191889763  0 
12.4383068085  0 
12.4505548477  0 
12.4742510319  0 
12.4979929924  0 
12.5118949413  0 
12.5359690189  0 
12.5592420101  0 
12.5729999542  14 
12.5969178677  29 
12.6205108166  43 
12.6442718506  53 
12.6580848694  48 
12.6818518639  48 
12.7055389881  43 
12.7196760178  14 
12.7429769039  0 
12.7668659687  0 
12.7804858685  0 
12.8042328358  0 
12.8267028332  0 
12.8492920399  0 
12.8767030239  0 
12.8929538727  0 
12.9092259407  0 
12.9254758358  0 
12.9392518997  0 
12.962996006  0 
12.9868729115  0 
13.0104739666  0 
13.0242359638  0 
13.0480020046  0 
13.0718770027  0 
13.0892589092  0 
13.1117198467  0 
13.1354990005  0 
13.1505420208  0 
13.1729719639  0 
13.1904768944  0 
13.2129998207  14 
13.2354910374  34 
13.2529859543  43 
13.2804679871  43 
13.2954978943  43 
13.3204369545  43 
13.3292238712  39 
13.3529868126  34 
13.3769359589  24 
13.4005379677  14 
13.4142320156  9 
13.4380409718  4 
13.4518609047  0 
13.4754719734  0 
13.4992749691  0 
13.5230078697  0 
13.5368709564  0 
13.5641980171  4 
13.5817959309  14 
13.6041920185  29 
13.6130008698  43 
13.6454739571  48 
13.6559138298  48 
13.6780388355  53 
13.7018518448  53 
13.7154898643  34 
13.7392888069  0 
13.7630109787  0 
13.7768919468  0 
13.8005108833  0 
13.8168568611  0 
13.8404898643  0 
13.864289999  0 
13.8780050278  0 
13.9018659592  0 
13.925483942  0 
13.9392259121  0 
13.9629769325  0 
13.9868609905  0 
14.0005719662  0 
14.0242729187  0 
14.0480418205  0 
14.0618889332  0 
14.0855088234  0 
14.1092309952  0 
14.1229708195  0 
14.1568570137  0 
14.1654889584  0 
14.1892449856  0 
14.2130098343  0 
14.2268989086  19 
14.2505209446  43 
14.274271965  43 
14.2967069149  39 
14.3191978931  43 
14.3366918564  39 
14.350507021  34 
14.366891861  29 
14.3904869556  24 
14.4142420292  14 
14.438079834  9 
14.451900959  9 
14.475481987  14 
14.5011668205  19 
14.5216958523  24 
14.5306270123  34 
14.5599780083  43 
14.5781140327  43 
14.5919070244  48 
14.6156258583  63 
14.6393609047  58 
14.653138876  24 
14.6768369675  0 
14.7005009651  0 
14.724244833  0 
14.7379639149  0 
14.7655038834  0 
14.782971859  0 
14.805467844  0 
14.8229868412  0 
14.8454990387  0 
14.8646068573  0 
14.8854429722  0 
14.9079630375  0 
14.9168968201  0 
14.949190855  0 
14.9580309391  0 
14.9818768501  0 
15.0054910183  0 
15.0329568386  0 
15.0418748856  0 
15.0656168461  0 
15.0892820358  0 
15.1030609608  0 
15.1268498898  0 
15.1505968571  0 
15.1642580032  0 
15.1881039143  14 
15.2118608952  34 
15.2256448269  39 
15.2493829727  34 
15.2731389999  34 
15.2869019508  34 
15.3105978966  24 
15.3343980312  19 
15.3481349945  14 
15.3742809296  4 
15.3880178928  4 
15.4118518829  0 
15.4368770123  4 
15.4505069256  4 
15.4742879868  9 
15.4968099594  19 
15.5204548836  24 
15.5418248177  29 
15.5592198372  34 
15.5816779137  34 
15.5906598568  39 
15.6229259968  39 
15.6319348812  29 
15.6556169987  14 
15.67937994  0 
15.6929869652  0 
15.72544384  0 
15.7429478168  0 
15.756857872  0 
15.7805039883  0 
15.7942638397  0 
15.8204808235  0 
15.8442709446  0 
15.8582968712  0 
15.8818948269  0 
15.9055159092  0 
15.9194178581  0 
15.9430909157  0 
15.9669399261  0 
15.9892208576  0 
16.0068449974  0 
16.029227972  0 
16.0380108356  0 
16.0618770123  0 
16.0856878757  0 
16.0994169712  0 
16.1230928898  0 
16.1469099522  0 
16.1606168747  0 
16.1843409538  0 
16.2081680298  0 
16.2318468094  14 
16.2493360043  24 
16.2718958855  24 
16.289347887  24 
16.3085010052  24 
16.3342649937  24 
16.3518819809  19 
16.3742008209  14 
16.3968398571  4 
16.4142110348  0 
16.4368658066  0 
16.4456939697  0 
16.4779379368  0 
16.4954528809  0 
16.5179748535  0 
16.5404648781  4 
16.5580489635  14 
16.5804510117  24 
16.5893819332  29 
16.6218299866  29 
16.6381258965  29 
16.6518948078  34 
16.6756389141  34 
16.702988863  19 
16.7194199562  4 
16.733175993  0 
16.7568879128  0 
16.7806270123  0 
16.7944459915  0 
16.818092823  0 
16.8419108391  0 
16.8585510254  0 
16.8806159496  0 
16.9043459892  0 
16.9180979729  0 
16.9418578148  0 
16.9642159939  0 
16.9868309498  0 
17.0092499256  0 
17.0268158913  0 
17.0406339169  0 
17.0643589497  0 
17.0781300068  0 
17.1018619537  0 
17.1256430149  0 
17.1418788433  0 
17.165599823  0 
17.1893808842  0 
17.2031140327  0 
17.2305369377  0 
17.2481129169  19 
17.2705929279  34 
17.2929480076  39 
17.3104689121  34 
17.332998991  34 
17.3554649353  29 
17.3730099201  24 
17.3954358101  19 
17.4043958187  9 
17.4281489849  4 
17.4554798603  0 
17.4779670238  0 
17.4954810143  0 
17.5118529797  0 
17.5256698132  0 
17.5543949604  0 
17.5681328773  0 
17.591878891  0 
17.6157150269  0 
17.6293869019  0 
17.6531419754  9 
17.6769149303  24 
17.6907160282  34 
17.7143850327  34 
17.7381420135  34 
17.7519478798  39 
17.77561903  39 
17.7994058132  24 
17.813095808  4 
17.8368740082  0 
17.8606660366  0 
17.8744828701  0 
17.8980870247  0 
17.9219620228  0 
17.9454669952  0 
17.9581799507  0 
17.9818949699  0 
17.9981608391  0 
18.0218648911  0 
18.0356178284  0 
18.0593600273  0 
18.0831329823  0 
18.099406004  0 
18.1231348515  0 
18.1469349861  0 
18.160629034  0 
18.184401989  0 
18.2068138123  0 
18.2294259071  0 
18.2518098354  0 
18.2698199749  0 
18.2918548584  0 
18.3006210327  0 
18.324393034  0 
18.3481190205  0 
18.3619208336  0 
18.3856048584  0 
18.4094200134  14 
18.4368588924  34 
18.4541809559  39 
18.4681060314  34 
18.4945428371  34 
18.5069129467  34 
18.530632019  29 
18.5469129086  24 
18.5706479549  14 
18.5944328308  9 
18.6081848145  4 
18.6318769455  0 
18.6556358337  0 
18.6693508625  0 
18.6959319115  0 
18.7168719769  0 
18.739372015  4 
18.756882906  9 
18.779392004  19 
18.8018479347  24 
18.8193638325  34 
18.8418638706  34 
18.8642058372  34 
18.8818228245  34 
18.9041879177  34 
18.9293420315  34 
18.9444079399  19 
18.9531190395  0 
18.9769189358  0 
19.0006399155  0 
19.0144169331  0 
19.0381398201  0 
19.0618739128  0 
19.0756368637  0 
19.0993819237  0 
19.1231110096  0 
19.1468679905  0 
19.1606240273  0 
19.1830809116  0 
19.2056000233  0 
19.2280938625  0 
19.2456328869  0 
19.278126955  0 
19.2880909443  0 
19.310585022  0 
19.328125  0 
19.3472208977  0 
19.373087883  0 
19.3904249668  0 
19.4129450321  0 
19.421877861  0 
19.445636034  0 
19.4693388939  0 
19.4855098724  0 
19.5068688393  0 
19.5311219692  0 
19.5570678711  14 
19.5693778992  24 
19.5931749344  24 
19.607093811  24 
19.6306519508  24 
19.6543688774  24 
19.6768529415  24 
19.6993288994  24 
19.716892004  19 
19.739331007  14 
19.7643280029  14 
19.7672049999  9 
19.789413929  9 
19.8218319416  14 
19.8306360245  14 
19.8544139862  19 
19.8781318665  29 
19.9006209373  34 
19.9231188297  34 
19.940625906  39 
19.9630680084  39 
19.985626936  39 
20.0031468868  34 
20.025578022  19 
20.0343968868  0 
20.0581378937  0 
20.0818779469  0 
20.0965108871  0 
20.1193888187  0 
20.1431119442  0 
20.1569678783  0 
20.1806249619  0 
20.1968398094  0 
20.2206728458  0 
20.2443568707  0 
20.2781019211  0 
20.2809839249  0 
20.3031208515  0 
20.3268969059  0 
20.3506379128  0 
20.3643419743  0 
20.3919298649  0 
20.4006278515  0 
20.4243509769  0 
20.4481298923  0 
20.4618699551  0 
20.485615015  0 
20.5093460083  0 
20.523088932  0 
20.5568609238  0 
20.5706269741  0 
20.5943489075  0 
20.6081178188  0 
20.6318428516  0 
20.6543250084  9 
20.6768670082  29 
20.6993649006  39 
20.7243359089  39 
20.7272019386  39 
20.7493948936  43 
20.7731609344  39 
20.796916008  29 
20.8106520176  24 
20.8345959187  14 
20.8581478596  4 
20.8805878162  4 
20.8980839252  0 
20.9206478596  0 
20.9430639744  0 
20.9605569839  0 
20.9743559361  0 
20.9981329441  4 
21.0255918503  14 
21.0430798531  19 
21.0655889511  24 
21.074411869  34 
21.098099947  39 
21.1206099987  39 
21.1398079395  43 
21.1656138897  53 
21.1831438541  58 
21.2055938244  63 
21.228096962  58 
21.2455718517  53 
21.2680699825  58 
21.2905938625  58 
21.3081138134  58 
21.3218708038  63 
21.3456549644  68 
21.3693628311  73 
21.3831079006  73 
21.4069030285  78 
21.4305989742  78 
21.4443659782  78 
21.4681658745  78 
21.4919228554  83 
21.5057389736  78 
21.5293629169  78 
21.5593509674  78 
21.5744168758  78 
21.596832037  78 
21.614346981  78 
21.6368420124  83 
21.6455848217  83 
21.6693928242  87 
21.6931099892  87 
21.7068638802  87 
21.7306339741  87 
21.7543838024  87 
21.7768628597  87 
21.7993378639  87 
21.8169798851  87 
21.8398528099  87 
21.8605790138  87 
21.883095026  92 
21.9006228447  92 
21.9143788815  97 
21.9311950207  97 
21.9630718231  102 
21.9855968952  102 
22.0030899048  102 
22.0255579948  102 
22.0343828201  102 
22.0668199062  102 
22.0806398392  107 
22.1044108868  107 
22.1182010174  102 
22.1418898106  107 
22.169328928  107 
22.1781578064  107 
22.2018659115  107 
22.2256379128  107 
22.2393870354  107 
22.2631018162  107 
22.2868459225  107 
22.3006429672  102 
22.3243498802  102 
22.3481619358  107 
22.3619258404  102 
22.3856329918  102 
22.4094338417  97 
22.4260659218  92 
22.4493989944  92 
22.4731788635  87 
22.4868600368  78 
22.5106899738  73 
22.5343558788  63 
22.5481200218  58 
22.5706129074  48 
22.5931270123  43 
22.6156828403  39 
22.6331758499  29 
22.6556088924  24 
22.6780810356  19 
22.6956248283  14 
22.7181138992  14 
22.7268638611  9 
22.7593250275  9 
22.768119812  4 
22.8018248081  4 
22.8256278038  0 
22.8405599594  4 
22.8493928909  0 
22.8731138706  0 
22.8968968391  0 
22.9108188152  0 
22.9344148636  0 
22.9581098557  0 
22.971850872  0 
22.9956040382  4 
23.0193560123  4 
23.0431070328  9 
23.0606269836  9 
23.083083868  9 
23.1168320179  9 
23.1209309101  14 
23.1468608379  14 
23.1643629074  14 
23.1868829727  14 
23.209321022  14 
23.2181470394  9 
23.2443728447  9 
23.2581408024  4 
23.2819058895  4 
23.3043749332  0 
23.3268339634  0 
23.349367857  0 
23.3668768406  0 
23.3893728256  0 
23.4118869305  0 
23.4293558598  0 
23.4518020153  0 
23.4606559277  0 
23.493090868  0 
23.5019109249  0 
23.525633812  0 
23.5494070053  0 
23.5631170273  0 
23.5868439674  0 
23.6106629372  0 
23.6243610382  0 
23.649435997  0 
23.6643338203  0 
23.6881399155  0 
23.7118849754  0 
23.7356348038  0 
23.7503738403  0 
23.7730920315  0 
23.7969110012  0 
23.8193078041  0 
23.8368279934  0 
23.8593518734  0 
23.8681459427  0 
23.8919010162  0 
23.9156098366  0 
23.929366827  0 
23.9531028271  4 
23.9768588543  9 
24.0043179989  14 
24.0131938457  19 
24.0368788242  19 
24.0643060207  24 
24.0731959343  24 
24.0968728065  19 
24.1206498146  14 
24.1343839169  9 
24.1581230164  4 
24.1845400333  4 
24.1982278824  0 
24.2218739986  0 
24.2456448078  0 
24.2594928741  0 
24.2830929756  0 
24.3013558388  0 
24.3206598759  0 
24.3444359303  0 
24.3581278324  0 
24.3818938732  0 
24.3994169235  0 
24.4231460094  0 
24.4468770027  0 
24.4606409073  0 
24.4849948883  0 
24.5081238747  0 
24.5218780041  0 
24.5456240177  0 
24.5731258392  4 
24.5818970203  4 
24.6056678295  9 
24.6293749809  9 
24.6431009769  9 
24.6668519974  9 
24.6906478405  4 
24.7043819427  4 
24.728153944  0 
24.751926899  0 
24.7681930065  0 
24.791975975  0 
24.8156788349  0 
24.8381698132  0 
24.8556678295  0 
24.878180027  0 
24.8869738579  0 
24.9194619656  4 
24.9282338619  9 
24.9520139694  9 
24.9785709381  14 
25.0045118332  14 
25.013406992  14 
25.0372359753  14 
25.0510430336  9 
25.0774469376  9 
25.1032989025  4 
25.1208069324  0 
25.1433339119  0 
25.1521320343  0 
25.1811668873  0 
25.1933979988  0 
25.2171189785  0 
25.240901947  0 
25.2546758652  0 
25.2784399986  0 
25.3024039268  0 
25.3159198761  0 
25.3425400257  0 
25.3634610176  0 
25.3859319687  4 
25.4084618092  4 
25.4259848595  4 
25.4485049248  4 
25.4709589481  9 
25.4884748459  14 
25.5110089779  14 
25.5334868431  19 
25.5585010052  14 
25.5615348816  14 
25.5935809612  9 
25.6062219143  14 
25.6285698414  14 
25.65107584  14 
25.6785969734  14 
25.6936209202  14 
25.7161698341  14 
25.7335989475  9 
25.7475969791  9 
25.7713279724  4 
25.7849428654  4 
25.8174319267  0 
25.834941864  0 
25.857419014  0 
25.8663258553  0 
25.8899929523  0 
25.9138708115  0 
25.9276390076  0 
25.9538989067  0 
25.9776618481  0 
25.9914028645  0 
26.0151698589  0 
26.0388970375  0 
26.0527009964  0 
26.0791358948  0 
26.1000738144  0 
26.1225848198  0 
26.1400728226  0 
26.1625769138  4 
26.1850678921  4 
26.2026059628  4 
26.2170629501  9 
26.2402789593  4 
26.2540318966  0 
26.2777748108  4 
26.3015768528  4 
26.3153038025  9 
26.341837883  9 
26.3626840115  9 
26.3817899227  9 
26.4077429771  4 
26.4252598286  4 
26.4477469921  0 
26.4702248573  0 
26.487749815  0 
26.5016570091  0 
26.5253939629  0 
26.5391600132  0 
26.5629348755  0 
26.5866649151  0 
26.610337019  0 
26.6329519749  0 
26.6478669643  0 
26.6703469753  0 
26.6879849434  0 
26.7105228901  0 
26.7329158783  0 
26.752918005  0 
26.7755639553  0 
26.7929098606  0 
26.8153908253  0 
26.8243169785  0 
26.8481099606  4 
26.8745148182  4 
26.8954339027  14 
26.917965889  19 
26.9268908501  34 
26.9609549046  48 
26.9731688499  68 
26.9971418381  83 
27.0192728043  102 
27.0417349339  112 
27.0506939888  112 
27.0773308277  102 
27.0982069969  78 
27.117166996  48 
27.1430828571  24 
27.1607289314  14 
27.1830868721  4 
27.2005839348  4 
27.2230968475  0 
27.2456159592  0 
27.2631409168  0 
27.2770888805  0 
27.3008680344  0 
27.3281638622  0 
27.3370888233  0 
27.3608329296  0 
27.3845798969  0 
27.3983459473  0 
27.4221868515  0 
27.4458868504  0 
27.4597890377  0 
27.4833848476  0 
27.5071668625  4 
27.5209510326  14 
27.5472149849  19 
27.569685936  29 
27.5871679783  43 
27.6096758842  63 
27.6321909428  83 
27.6497368813  97 
27.6722309589  107 
27.694619894  107 
27.7121858597  97 
27.7345788479  83 
27.7435359955  63 
27.7758870125  48 
27.7933969498  34 
27.8158938885  24 
27.8384399414  14 
27.8473799229  9 
27.871119976  4 
27.8873639107  0 
27.9111359119  0 
27.9348490238  0 
27.9486858845  0 
27.9723639488  0 
27.9961829185  0 
28.0184998512  0 
28.0409908295  0 
28.0585298538  0 
28.0724339485  0 
28.0962119102  0 
28.1099979877  0 
28.1337468624  0 
28.1574988365  4 
28.1712808609  9 
28.1950559616  14 
28.2188079357  29 
28.2398889065  48 
28.2661178112  78 
28.283700943  112 
28.3061649799  127 
28.3286759853  127 
28.3536770344  117 
28.3567328453  97 
28.3788509369  78 
28.402630806  53 
28.4263789654  34 
28.4401400089  24 
28.4666819572  14 
28.4788889885  9 
28.5026478767  4 
28.5264339447  4 
28.540170908  0 
28.5639369488  0 
28.5876848698  0 
28.6014668941  0 
28.6252119541  0 
28.6490440369  0 
28.6627669334  0 
28.6864869595  0 
28.7102949619  0 
28.7327489853  0 
28.7551298141  0 
28.7726168633  0 
28.7865509987  0 
28.810325861  4 
28.8240668774  4 
28.8479058743  14 
28.874161005  19 
28.8878509998  34 
28.9116950035  53 
28.9353818893  78 
28.9491410255  107 
28.9820828438  122 
28.9916918278  122 
29.0141658783  112 
29.0379869938  87 
29.0517189503  63 
29.0755589008  43 
29.0991978645  29 
29.113147974  19 
29.1367418766  9 
29.1604650021  4 
29.1829719543  4 
29.2004618645  0 
29.2228620052  0 
29.2318308353  0 
29.2641108036  0 
29.273075819  0 
29.2968029976  0 
29.3206899166  0 
29.3343379498  0 
29.3580648899  0 
29.3843309879  0 
29.3981268406  0 
29.4218819141  0 
29.4443500042  0 
29.466850996  0 
29.4916059971  4 
29.5194759369  14 
29.529392004  14 
29.5519809723  24 
29.5694010258  39 
29.5834639072  53 
29.6069400311  78 
29.6344399452  102 
29.6519198418  112 
29.6695618629  112 
29.6919848919  97 
29.7095088959  78 
29.7302818298  58 
29.7519929409  39 
29.7745039463  24 
29.7970290184  19 
29.8057978153  9 
29.8295688629  4 
29.8533070087  4 
29.8670799732  0 
29.89457798  0 
29.917536974  0 
29.934584856  0 
