0.1481	0.179	-0.112
0.1691	0.18	-0.11
0.1891	0.182	-0.107
0.2092	0.185	-0.103
0.2292	0.187	-0.098
0.2493	0.191	-0.092
0.2694	0.194	-0.084
0.2898	0.198	-0.076
0.3096	0.201	-0.066
0.3414	0.204	-0.054
0.3505	0.207	-0.042
0.3744	0.21	-0.028
0.3918	0.211	-0.013
0.4107	0.211	0.003
0.4311	0.21	0.021
0.4581	0.208	0.039
0.4752	0.203	0.058
0.4909	0.197	0.078
0.5115	0.188	0.098
0.5311	0.176	0.118
0.5572	0.161	0.137
0.5745	0.144	0.155
0.5913	0.124	0.172
0.6114	0.101	0.186
0.6407	0.075	0.198
0.6574	0.047	0.206
0.6747	0.017	0.211
0.6917	-0.015	0.211
0.7117	-0.047	0.206
0.7408	-0.078	0.196
0.7582	-0.109	0.181
0.7741	-0.138	0.16
0.792	-0.163	0.135
0.812	-0.184	0.104
0.8322	-0.2	0.069
0.8578	-0.209	0.031
0.8743	-0.211	-0.008
0.8924	-0.206	-0.049
0.9245	-0.192	-0.088
0.9326	-0.171	-0.125
0.9578	-0.142	-0.157
0.9757	-0.106	-0.183
0.9927	-0.065	-0.201
1.0128	-0.021	-0.21
1.0409	0.026	-0.21
1.0581	0.072	-0.199
1.0739	0.115	-0.178
1.0932	0.152	-0.147
1.1131	0.182	-0.108
1.1332	0.202	-0.062
1.158	0.211	-0.012
1.1743	0.208	0.039
1.1934	0.192	0.088
1.2244	0.165	0.133
1.2335	0.126	0.17
1.2576	0.08	0.196
1.2753	0.028	0.21
1.2938	-0.027	0.21
1.3138	-0.08	0.196
1.334	-0.128	0.168
1.3581	-0.168	0.128
1.3746	-0.196	0.079
1.3941	-0.21	0.024
1.4242	-0.209	-0.033
1.4407	-0.192	-0.088
1.4575	-0.161	-0.137
1.4751	-0.118	-0.176
1.4945	-0.065	-0.201
1.5146	-0.007	-0.211
1.5411	0.051	-0.205
1.558	0.106	-0.183
1.5752	0.153	-0.146
1.5947	0.188	-0.098
1.6149	0.207	-0.041
1.6409	0.211	0.019
1.6588	0.197	0.077
1.6751	0.167	0.13
1.6952	0.124	0.171
1.7156	0.07	0.199
1.7416	0.011	0.211
1.7572	-0.049	0.206
1.7755	-0.105	0.184
1.7959	-0.153	0.147
1.8157	-0.188	0.098
1.8407	-0.208	0.041
1.8579	-0.211	-0.019
1.8758	-0.197	-0.077
1.8958	-0.167	-0.129
1.9159	-0.125	-0.171
1.9417	-0.072	-0.199
1.9578	-0.015	-0.211
1.9761	0.044	-0.207
1.9964	0.099	-0.187
2.0241	0.147	-0.153
2.0414	0.182	-0.107
2.0598	0.205	-0.054
2.0774	0.211	0.003
2.0975	0.203	0.06
2.1176	0.18	0.111
2.1415	0.144	0.155
2.1577	0.099	0.187
2.1778	0.047	0.206
2.2075	-0.007	0.211
2.2251	-0.061	0.203
2.2411	-0.11	0.181
2.2581	-0.152	0.147
2.2782	-0.183	0.105
2.3078	-0.204	0.058
2.3242	-0.211	0.007
2.3413	-0.207	-0.044
2.3585	-0.191	-0.091
2.3785	-0.164	-0.133
2.3986	-0.129	-0.167
2.4245	-0.088	-0.192
2.4412	-0.043	-0.207
2.4588	0.003	-0.211
2.4788	0.049	-0.206
2.5084	0.092	-0.191
2.5252	0.129	-0.167
2.5408	0.161	-0.137
2.5591	0.185	-0.102
2.5792	0.202	-0.064
2.5993	0.21	-0.023
2.6241	0.211	0.017
2.6414	0.204	0.056
2.6595	0.191	0.092
2.6796	0.171	0.124
2.6998	0.148	0.152
2.7248	0.12	0.174
2.7412	0.09	0.191
2.7599	0.058	0.203
2.7806	0.026	0.21
2.8076	-0.005	0.211
2.8244	-0.036	0.208
2.8412	-0.065	0.201
2.8602	-0.091	0.191
2.8807	-0.116	0.177
2.9082	-0.137	0.161
2.9243	-0.155	0.144
2.9414	-0.171	0.125
2.9608	-0.184	0.105
2.9807	-0.194	0.085
3.0073	-0.201	0.065
3.0259	-0.206	0.046
3.0409	-0.21	0.027
3.0609	-0.211	0.01
3.0811	-0.211	-0.007
3.108	-0.21	-0.023
3.1244	-0.208	-0.037
3.1415	-0.206	-0.05
3.1613	-0.202	-0.062
3.1813	-0.199	-0.072
3.2081	-0.195	-0.081
3.2242	-0.192	-0.089
3.2415	-0.189	-0.096
3.2616	-0.186	-0.101
3.2821	-0.183	-0.106
3.3076	-0.181	-0.109
3.3244	-0.18	-0.112
3.3419	-0.179	-0.113
3.3619	-0.179	-0.113
3.3825	-0.179	-0.113
3.4077	-0.18	-0.111
3.4243	-0.182	-0.109
3.4422	-0.184	-0.105
3.4622	-0.186	-0.1
3.4824	-0.189	-0.094
3.5078	-0.193	-0.087
3.5243	-0.196	-0.079
3.5425	-0.2	-0.069
3.563	-0.203	-0.059
3.5827	-0.206	-0.047
3.6088	-0.209	-0.033
3.6246	-0.211	-0.019
3.6429	-0.211	-0.003
3.6742	-0.211	0.014
3.683	-0.209	0.032
3.7076	-0.205	0.051
3.7246	-0.199	0.071
3.7433	-0.191	0.09
3.7741	-0.18	0.11
3.7836	-0.167	0.13
3.8074	-0.151	0.148
3.8241	-0.132	0.166
3.8437	-0.11	0.181
3.8638	-0.085	0.194
3.8908	-0.057	0.204
3.9074	-0.028	0.21
3.9244	0.003	0.211
3.9463	0.035	0.209
3.9642	0.067	0.201
3.991	0.098	0.187
4.0082	0.127	0.169
4.0246	0.154	0.145
4.0443	0.177	0.116
4.0747	0.195	0.083
4.0846	0.206	0.046
4.108	0.211	0.006
4.1247	0.209	-0.034
4.1448	0.198	-0.074
4.1652	0.18	-0.112
4.1908	0.153	-0.146
4.2075	0.12	-0.174
4.2251	0.081	-0.195
4.2455	0.037	-0.208
4.2653	-0.009	-0.211
4.2919	-0.055	-0.204
4.3089	-0.099	-0.187
4.3254	-0.139	-0.159
4.3455	-0.172	-0.123
4.3748	-0.196	-0.08
4.3913	-0.209	-0.031
4.4076	-0.211	0.02
4.4258	-0.199	0.07
4.4458	-0.176	0.117
4.4747	-0.142	0.157
4.492	-0.098	0.188
4.5081	-0.047	0.206
4.5261	0.007	0.211
4.5464	0.061	0.203
4.5662	0.111	0.18
4.5909	0.155	0.144
4.6083	0.187	0.098
4.6264	0.207	0.045
4.6465	0.211	-0.012
4.6746	0.2	-0.068
4.6911	0.174	-0.12
4.7085	0.135	-0.163
4.7268	0.086	-0.193
4.7469	0.029	-0.209
4.7748	-0.03	-0.209
4.791	-0.087	-0.193
4.808	-0.137	-0.161
4.8271	-0.176	-0.117
4.8473	-0.202	-0.063
4.8673	-0.211	-0.003
4.8915	-0.204	0.056
4.9078	-0.18	0.111
4.9275	-0.141	0.157
4.9576	-0.091	0.191
4.9676	-0.033	0.209
4.9918	0.027	0.21
5.0077	0.085	0.194
5.0279	0.136	0.162
5.0576	0.176	0.117
5.075	0.202	0.062
5.0911	0.211	0.003
5.1082	0.204	-0.056
5.1281	0.18	-0.111
5.1487	0.142	-0.157
5.1747	0.093	-0.19
5.1915	0.036	-0.208
5.2088	-0.023	-0.21
5.229	-0.08	-0.196
5.2488	-0.13	-0.167
5.2745	-0.171	-0.125
5.2917	-0.198	-0.074
5.3088	-0.211	-0.018
5.3289	-0.208	0.039
5.3576	-0.19	0.093
5.3741	-0.159	0.14
5.3912	-0.117	0.176
5.4092	-0.067	0.201
5.4293	-0.013	0.211
5.4582	0.041	0.207
5.4752	0.093	0.19
5.4909	0.137	0.161
5.5095	0.173	0.122
5.5303	0.197	0.076
5.5582	0.21	0.026
5.5744	0.21	-0.025
5.5912	0.198	-0.074
5.6098	0.175	-0.119
5.6299	0.143	-0.156
5.6576	0.104	-0.184
5.6747	0.06	-0.203
5.6911	0.014	-0.211
5.7102	-0.032	-0.209
5.7302	-0.076	-0.197
5.7581	-0.116	-0.177
5.7745	-0.15	-0.149
5.7919	-0.177	-0.116
5.8105	-0.197	-0.078
5.8307	-0.208	-0.038
5.8509	-0.211	0.002
5.8748	-0.207	0.042
5.8913	-0.196	0.079
5.9108	-0.179	0.112
5.9411	-0.157	0.142
5.9577	-0.131	0.166
5.9744	-0.101	0.186
5.9917	-0.07	0.2
6.0113	-0.038	0.208
6.0313	-0.006	0.211
6.058	0.025	0.21
6.0745	0.054	0.204
6.0922	0.082	0.195
6.1156	0.107	0.182
6.1318	0.129	0.167
6.1583	0.149	0.15
6.1748	0.165	0.132
6.1925	0.179	0.112
6.212	0.19	0.093
6.2413	0.199	0.073
6.2581	0.205	0.053
6.2749	0.209	0.034
6.2922	0.211	0.016
6.3124	0.211	-0.001
6.3327	0.211	-0.017
6.3589	0.209	-0.032
6.3756	0.207	-0.045
6.3926	0.204	-0.057
6.4127	0.2	-0.068
6.433	0.197	-0.078
6.4582	0.193	-0.086
6.4743	0.19	-0.093
6.493	0.187	-0.099
6.513	0.184	-0.104
6.5331	0.182	-0.108
6.5585	0.18	-0.111
6.5744	0.179	-0.113
6.5936	0.179	-0.113
6.6136	0.179	-0.113
6.6338	0.179	-0.112
6.6584	0.181	-0.11
6.6753	0.183	-0.106
6.694	0.185	-0.102
6.725	0.188	-0.097
6.7344	0.191	-0.09
6.7582	0.195	-0.082
6.7746	0.198	-0.073
6.7944	0.202	-0.063
6.8146	0.205	-0.051
6.8416	0.208	-0.038
6.8579	0.21	-0.024
6.8748	0.211	-0.009
6.8948	0.211	0.008
6.9243	0.21	0.025
6.9411	0.207	0.044
6.958	0.202	0.063
6.975	0.195	0.083
6.9951	0.185	0.103
7.0152	0.172	0.123
7.0419	0.157	0.142
7.0585	0.139	0.159
7.0755	0.118	0.176
7.0955	0.094	0.189
7.1156	0.068	0.2
7.1411	0.039	0.208
7.1577	0.009	0.211
7.1757	-0.023	0.21
7.1958	-0.055	0.204
7.2249	-0.087	0.193
7.2412	-0.117	0.176
7.259	-0.145	0.154
7.2763	-0.169	0.127
7.2964	-0.189	0.095
7.3251	-0.203	0.06
7.3414	-0.21	0.021
7.3586	-0.211	-0.019
7.3767	-0.203	-0.059
7.3968	-0.187	-0.098
7.4248	-0.164	-0.134
7.4424	-0.133	-0.164
7.4591	-0.096	-0.188
7.4771	-0.054	-0.205
7.4971	-0.009	-0.211
7.525	0.038	-0.208
7.5415	0.083	-0.194
7.5584	0.125	-0.171
7.5774	0.161	-0.137
7.5975	0.188	-0.096
7.625	0.206	-0.049
7.6422	0.211	0.001
7.6589	0.205	0.052
7.6777	0.186	0.1
7.7079	0.156	0.143
7.718	0.115	0.178
7.7414	0.067	0.201
7.7581	0.013	0.211
7.7781	-0.041	0.207
7.8085	-0.093	0.19
7.8253	-0.14	0.159
7.8413	-0.177	0.116
7.8589	-0.201	0.066
7.8784	-0.211	0.01
7.8987	-0.206	-0.048
7.9254	-0.186	-0.101
7.9412	-0.151	-0.148
7.9589	-0.105	-0.184
7.9788	-0.051	-0.205
7.9993	0.008	-0.211
8.0252	0.066	-0.201
8.0424	0.119	-0.175
8.0591	0.163	-0.134
8.0799	0.194	-0.083
8.0994	0.21	-0.026
8.1251	0.209	0.034
8.1418	0.191	0.092
8.1595	0.157	0.142
8.1795	0.111	0.18
8.2087	0.055	0.204
8.2247	-0.005	0.211
8.2413	-0.064	0.202
8.2598	-0.118	0.175
8.2799	-0.163	0.135
8.3077	-0.194	0.083
8.3244	-0.21	0.025
8.3415	-0.209	-0.035
8.3601	-0.191	-0.092
8.3802	-0.157	-0.141
8.4006	-0.112	-0.179
8.4249	-0.058	-0.203
8.4416	0.001	-0.211
8.4605	0.059	-0.203
8.4805	0.113	-0.179
8.5078	0.157	-0.142
8.5244	0.19	-0.094
8.5413	0.208	-0.039
8.5608	0.211	0.018
8.5808	0.198	0.074
8.6013	0.172	0.123
8.6246	0.133	0.164
8.6415	0.086	0.193
8.6616	0.033	0.209
8.6812	-0.022	0.21
8.7017	-0.074	0.198
8.7245	-0.122	0.173
8.7422	-0.161	0.137
8.7614	-0.19	0.093
8.7819	-0.207	0.044
8.8078	-0.211	-0.007
8.8246	-0.204	-0.057
8.8417	-0.185	-0.103
8.8618	-0.156	-0.143
8.8819	-0.119	-0.175
8.9085	-0.077	-0.197
8.9257	-0.031	-0.209
8.9426	0.016	-0.211
8.9621	0.061	-0.203
8.9915	0.102	-0.185
9.0082	0.138	-0.16
9.0256	0.168	-0.128
9.0424	0.19	-0.092
9.0624	0.205	-0.053
9.0922	0.211	-0.013
9.1094	0.21	0.027
9.1248	0.201	0.065
9.1427	0.186	0.1
9.1628	0.166	0.131
9.1917	0.141	0.158
9.2088	0.112	0.179
9.2257	0.082	0.195
9.243	0.05	0.205
9.2634	0.018	0.211
9.2917	-0.013	0.211
9.3079	-0.044	0.207
9.3255	-0.072	0.199
9.3435	-0.098	0.187
9.3635	-0.121	0.173
9.3923	-0.142	0.157
9.4086	-0.16	0.139
9.4245	-0.174	0.12
9.4442	-0.186	0.1
9.464	-0.196	0.08
9.4918	-0.203	0.06
9.5083	-0.207	0.041
9.5249	-0.21	0.023
9.5441	-0.211	0.005
9.5643	-0.211	-0.011
9.5914	-0.21	-0.026
9.608	-0.208	-0.04
9.6248	-0.205	-0.053
9.6444	-0.201	-0.064
9.6645	-0.198	-0.075
9.6913	-0.194	-0.083
9.708	-0.191	-0.091
9.7247	-0.188	-0.097
9.745	-0.185	-0.103
9.7648	-0.182	-0.107
9.7915	-0.181	-0.11
9.8079	-0.179	-0.112
9.8256	-0.179	-0.113
9.8451	-0.179	-0.113
9.8652	-0.179	-0.112
9.8852	-0.18	-0.111
9.9085	-0.182	-0.108
9.9259	-0.184	-0.104
9.9457	-0.187	-0.099
9.9753	-0.19	-0.092
9.9917	-0.194	-0.085
10.0103	-0.197	-0.077
10.0258	-0.201	-0.067
10.0459	-0.204	-0.056
10.0754	-0.207	-0.043
10.0868	-0.209	-0.03
10.1083	-0.211	-0.015
10.1261	-0.211	0.001
10.1462	-0.211	0.019
10.1754	-0.208	0.037
10.1918	-0.204	0.056
10.2082	-0.197	0.076
10.2269	-0.189	0.096
10.2467	-0.177	0.115
10.2756	-0.163	0.135
10.2917	-0.146	0.153
10.3096	-0.126	0.17
10.327	-0.103	0.185
10.347	-0.078	0.197
10.3752	-0.05	0.206
10.3918	-0.02	0.211
10.4085	0.011	0.211
10.4275	0.043	0.207
10.4475	0.075	0.198
10.4674	0.106	0.183
10.4917	0.135	0.163
10.509	0.161	0.138
10.5277	0.182	0.108
10.5485	0.198	0.073
10.5746	0.208	0.036
10.5914	0.211	-0.004
10.608	0.207	-0.044
10.628	0.194	-0.084
10.6481	0.174	-0.121
10.6748	0.145	-0.154
10.6927	0.11	-0.18
10.7091	0.07	-0.2
10.7291	0.026	-0.21
10.7496	-0.021	-0.21
10.7752	-0.067	-0.201
10.7913	-0.11	-0.181
10.8093	-0.148	-0.151
10.8293	-0.179	-0.112
10.8582	-0.201	-0.067
10.8761	-0.211	-0.018
10.8922	-0.209	0.033
10.9096	-0.195	0.083
10.9298	-0.168	0.128
10.9498	-0.131	0.166
10.975	-0.085	0.194
10.9928	-0.033	0.209
11.01	0.021	0.21
11.03	0.075	0.198
11.0589	0.124	0.172
11.0752	0.164	0.133
11.0916	0.194	0.085
11.1104	0.209	0.031
11.1308	0.21	-0.027
11.1505	0.195	-0.082
11.1758	0.165	-0.132
11.1928	0.123	-0.172
11.2109	0.071	-0.199
11.2308	0.014	-0.211
11.2586	-0.045	-0.207
11.275	-0.101	-0.186
11.2918	-0.148	-0.151
11.3111	-0.185	-0.103
11.3311	-0.206	-0.048
11.3587	-0.211	0.012
11.3755	-0.199	0.071
11.392	-0.171	0.124
11.4114	-0.129	0.168
11.4421	-0.077	0.197
11.4516	-0.018	0.211
11.4753	0.042	0.207
11.492	0.099	0.187
11.5118	0.148	0.151
11.5414	0.184	0.103
11.5593	0.206	0.047
11.5752	0.211	-0.012
11.5921	0.199	-0.071
11.6121	0.171	-0.124
11.6322	0.13	-0.167
11.659	0.078	-0.196
11.6761	0.021	-0.21
11.6924	-0.038	-0.208
11.7124	-0.094	-0.19
11.7325	-0.142	-0.157
11.7526	-0.179	-0.112
11.7764	-0.203	-0.06
11.7928	-0.211	-0.003
11.8131	-0.205	0.054
11.842	-0.183	0.106
11.8601	-0.149	0.15
11.8765	-0.104	0.184
11.8939	-0.053	0.205
11.9139	0.001	0.211
11.9341	0.055	0.204
11.9587	0.105	0.184
11.9751	0.147	0.152
11.994	0.18	0.11
12.0141	0.202	0.063
12.0415	0.211	0.012
12.0594	0.208	-0.038
12.0751	0.193	-0.086
12.0946	0.168	-0.129
12.1147	0.133	-0.164
12.1422	0.093	-0.19
12.1587	0.048	-0.206
12.175	0.002	-0.211
12.195	-0.044	-0.207
12.2152	-0.087	-0.193
12.2422	-0.126	-0.17
12.2585	-0.158	-0.141
12.2757	-0.183	-0.106
12.2953	-0.2	-0.068
12.3153	-0.21	-0.028
12.3354	-0.211	0.013
12.3584	-0.205	0.051
12.3756	-0.192	0.088
12.3956	-0.174	0.12
12.4248	-0.15	0.149
12.4421	-0.123	0.172
12.4585	-0.093	0.19
12.4767	-0.062	0.202
12.4959	-0.03	0.209
12.5161	0.002	0.211
12.5421	0.033	0.209
12.5585	0.062	0.202
12.5762	0.089	0.192
12.5962	0.113	0.179
12.6163	0.135	0.163
12.6415	0.153	0.146
12.6587	0.169	0.127
12.6766	0.182	0.107
12.6966	0.193	0.087
12.7261	0.2	0.068
12.7368	0.206	0.048
12.7585	0.209	0.029
12.7768	0.211	0.012
12.7969	0.211	-0.005
12.8252	0.21	-0.021
12.8425	0.209	-0.035
12.8588	0.206	-0.049
12.8772	0.203	-0.06
12.8973	0.199	-0.071
12.9173	0.196	-0.08
12.9421	0.192	-0.088
12.9595	0.189	-0.095
12.9775	0.186	-0.101
12.9984	0.183	-0.105
13.0253	0.181	-0.109
13.0431	0.18	-0.111
13.06	0.179	-0.113
13.0779	0.178	-0.113
13.098	0.179	-0.113
13.1255	0.18	-0.111
13.1422	0.181	-0.109
13.1585	0.183	-0.105
13.1782	0.186	-0.101
13.1984	0.189	-0.095
13.2252	0.192	-0.088
13.2418	0.196	-0.08
13.2593	0.199	-0.071
13.2796	0.203	-0.06
13.2992	0.206	-0.048
13.3249	0.209	-0.035
13.342	0.211	-0.02
13.3594	0.211	-0.005
13.3796	0.211	0.012
13.4084	0.209	0.03
13.4252	0.206	0.049
13.4422	0.2	0.068
13.46	0.192	0.088
13.4798	0.182	0.108
13.4998	0.169	0.128
13.5255	0.153	0.146
13.5421	0.134	0.164
13.5604	0.112	0.179
13.5804	0.088	0.193
13.6004	0.061	0.203
13.6257	0.031	0.209
13.6436	0.001	0.211
13.6608	-0.031	0.209
13.6808	-0.063	0.202
13.7011	-0.095	0.189
13.7251	-0.124	0.171
13.7422	-0.151	0.148
13.7615	-0.175	0.119
13.7809	-0.193	0.086
13.809	-0.206	0.05
13.8253	-0.211	0.011
13.8427	-0.209	-0.029
13.8612	-0.2	-0.069
13.8813	-0.182	-0.108
13.909	-0.157	-0.142
13.9253	-0.124	-0.171
13.9421	-0.086	-0.193
13.9616	-0.042	-0.207
13.9816	0.003	-0.211
14.0094	0.05	-0.206
14.0259	0.095	-0.189
14.042	0.135	-0.163
14.0619	0.169	-0.127
14.082	0.194	-0.085
14.1085	0.208	-0.036
14.1251	0.211	0.014
14.1422	0.201	0.065
14.1623	0.179	0.112
14.1825	0.146	0.153
14.2091	0.103	0.185
14.2254	0.053	0.205
14.2426	-0.001	0.211
14.2626	-0.055	0.204
14.2831	-0.106	0.183
14.3085	-0.15	0.149
14.3258	-0.184	0.104
14.3436	-0.205	0.051
14.3629	-0.211	-0.005
14.392	-0.202	-0.062
14.4088	-0.178	-0.114
14.4277	-0.14	-0.158
14.4434	-0.091	-0.191
14.4635	-0.036	-0.208
14.4917	0.023	-0.21
14.5094	0.081	-0.196
14.5262	0.132	-0.165
14.5436	0.173	-0.122
14.5636	0.2	-0.069
14.5923	0.211	-0.01
14.6088	0.206	0.05
14.6257	0.183	0.106
14.6439	0.146	0.153
14.664	0.097	0.188
14.692	0.04	0.208
14.7086	-0.02	0.211
14.7253	-0.079	0.196
14.7446	-0.131	0.166
14.7643	-0.173	0.122
14.7919	-0.2	0.069
14.8097	-0.211	0.01
14.8259	-0.206	-0.05
14.8449	-0.183	-0.105
14.8647	-0.147	-0.152
14.8848	-0.098	-0.187
14.9088	-0.043	-0.207
14.9271	0.016	-0.211
14.9449	0.074	-0.198
14.9655	0.125	-0.171
14.9922	0.167	-0.13
15.0097	0.196	-0.08
15.0256	0.21	-0.024
15.0454	0.209	0.033
15.0653	0.193	0.087
15.0916	0.163	0.135
15.1089	0.122	0.173
15.1256	0.073	0.199
15.1456	0.019	0.211
15.1752	-0.036	0.208
15.192	-0.087	0.193
15.2095	-0.133	0.165
15.2262	-0.169	0.127
15.2459	-0.195	0.081
15.266	-0.209	0.031
15.2917	-0.211	-0.02
15.3101	-0.2	-0.069
15.3262	-0.178	-0.114
15.3463	-0.147	-0.152
15.3664	-0.108	-0.182
15.3921	-0.065	-0.201
15.4094	-0.019	-0.211
15.4265	0.027	-0.21
15.4467	0.072	-0.199
15.4758	0.112	-0.179
15.487	0.147	-0.152
15.5087	0.175	-0.119
15.5269	0.195	-0.082
15.5469	0.207	-0.043
15.5755	0.211	-0.002
15.5929	0.208	0.037
15.6122	0.198	0.075
15.6283	0.181	0.109
15.6482	0.16	0.139
15.6683	0.134	0.164
15.6921	0.105	0.184
15.7088	0.074	0.198
15.7284	0.042	0.207
15.7588	0.01	0.211
15.7686	-0.021	0.21
15.7919	-0.051	0.205
15.8089	-0.079	0.196
15.8288	-0.104	0.184
15.8488	-0.127	0.169
15.8757	-0.147	0.152
15.8924	-0.164	0.134
15.9096	-0.178	0.115
15.9308	-0.189	0.095
15.9595	-0.198	0.075
15.9751	-0.204	0.055
15.9929	-0.208	0.036
16.0111	-0.211	0.018
