0.133	14.056
0.1539	12.792
0.1739	10.965
0.194	8.656
0.214	5.967
0.2341	3.015
0.2541	-0.069
0.2744	-3.15
0.2943	-6.093
0.3144	-8.768
0.341	-11.057
0.3569	-12.86
0.3746	-14.098
0.3947	-14.716
0.4149	-14.688
0.4411	-14.013
0.4581	-12.722
0.475	-10.873
0.495	-8.545
0.5152	-5.841
0.5404	-2.881
0.557	0.206
0.5753	3.284
0.5953	6.218
0.6154	8.878
0.6407	11.148
0.6572	12.928
0.6757	14.139
0.6961	14.729
0.7159	14.671
0.7407	13.969
0.7569	12.652
0.776	10.779
0.8073	8.432
0.8161	5.715
0.8405	2.746
0.8575	-0.344
0.8763	-3.418
0.8964	-6.342
0.9239	-8.987
0.9408	-11.238
0.9578	-12.994
0.9766	-14.179
0.9967	-14.74
1.0241	-14.654
1.0405	-13.923
1.0573	-12.58
1.0769	-10.684
1.0971	-8.319
1.1239	-5.587
1.1407	-2.611
1.1572	0.481
1.1773	3.552
1.1973	6.466
1.2239	9.096
1.2407	11.327
1.2575	13.059
1.2776	14.217
1.2977	14.75
1.3242	14.635
1.3415	13.876
1.3578	12.507
1.3782	10.589
1.398	8.205
1.424	5.46
1.4405	2.475
1.4584	-0.619
1.4783	-3.685
1.4984	-6.59
1.5237	-9.204
1.5406	-11.414
1.5586	-13.123
1.5787	-14.254
1.5987	-14.759
1.6238	-14.615
1.6402	-13.828
1.6589	-12.434
1.679	-10.492
1.7075	-8.09
1.724	-5.332
1.7408	-2.339
1.7592	0.756
1.7793	3.818
1.807	6.712
1.8242	9.311
1.8408	11.501
1.8597	13.185
1.8797	14.29
1.9073	14.766
1.9236	14.593
1.9405	13.779
1.9599	12.359
1.98	10.395
2.0069	7.975
2.0237	5.203
2.0415	2.203
2.0603	-0.893
2.0804	-3.951
2.1071	-6.835
2.1236	-9.418
2.1406	-11.587
2.1607	-13.247
2.1807	-14.325
2.2072	-14.772
2.2242	-14.571
2.2409	-13.728
2.261	-12.283
2.2811	-10.297
2.3072	-7.858
2.3237	-5.074
2.3414	-2.067
2.3613	1.03
2.3814	4.083
2.4074	6.956
2.4239	9.523
2.4417	11.672
2.4617	13.308
2.4819	14.358
2.5074	14.777
2.524	14.547
2.5421	13.677
2.5621	12.206
2.5821	10.198
2.6071	7.742
2.6237	4.945
2.6423	1.931
2.6623	-1.168
2.6905	-4.215
2.7073	-7.077
2.7242	-9.628
2.7426	-11.756
2.7628	-13.367
2.7902	-14.39
2.8074	-14.781
2.8236	-14.522
2.8429	-13.624
2.8631	-12.127
2.8906	-10.098
2.907	-7.624
2.9241	-4.815
2.9432	-1.795
2.9634	1.305
2.991	4.347
3.0078	7.198
3.024	9.732
3.0437	11.839
3.0637	13.425
3.0837	14.421
3.1075	14.783
3.1239	14.495
3.1441	13.57
3.1739	12.048
3.1842	9.997
3.2079	7.506
3.2242	4.685
3.2444	1.658
3.2738	-1.442
3.2903	-4.478
3.3078	-7.317
3.3246	-9.835
3.3448	-11.921
3.3736	-13.482
3.3908	-14.451
3.4075	-14.784
3.425	-14.467
3.4451	-13.515
3.4745	-11.968
3.4917	-9.895
3.5072	-7.387
3.5255	-4.554
3.5456	-1.521
3.5742	1.578
3.5905	4.609
3.6074	7.437
3.6257	9.938
3.6458	12.002
3.6659	13.538
3.6907	14.479
3.7074	14.784
3.7261	14.439
3.7463	13.459
3.7742	11.887
3.7918	9.793
3.8073	7.268
3.8265	4.423
3.8467	1.385
3.8666	-1.715
3.8907	-4.739
3.9079	-7.555
3.9267	-10.039
3.9468	-12.081
3.9737	-13.593
3.9906	-14.506
4.0073	-14.782
4.0273	-14.408
4.0573	-13.401
4.0674	-11.805
4.0908	-9.689
4.1076	-7.148
4.1277	-4.292
4.1477	-1.248
4.1739	1.852
4.1907	4.869
4.2082	7.673
4.2278	10.139
4.2481	12.16
4.2743	13.646
4.2909	14.532
4.3082	14.779
4.3284	14.377
4.3578	13.342
4.374	11.721
4.3907	9.585
4.4085	7.027
4.4286	4.16
4.4573	1.111
4.475	-1.988
4.4914	-4.999
4.5089	-7.79
4.5289	-10.239
4.5582	-12.238
4.5742	-13.698
4.5914	-14.557
4.6093	-14.775
4.6294	-14.344
4.6571	-13.283
4.6738	-11.637
4.6911	-9.48
4.7095	-6.906
4.7297	-4.028
4.7578	-0.973
4.7748	2.124
4.7907	5.128
4.8103	7.907
4.8301	10.338
4.8575	12.314
4.8748	13.75
4.8911	14.58
4.9102	14.77
4.9303	14.31
4.9505	13.222
4.974	11.552
4.9908	9.374
5.0105	6.784
5.0307	3.896
5.0572	0.836
5.0746	-2.26
5.0912	-5.257
5.1109	-8.023
5.1408	-10.436
5.1576	-12.39
5.1744	-13.799
5.1912	-14.602
5.2112	-14.763
5.2315	-14.275
5.2578	-13.159
5.2748	-11.465
5.2915	-9.267
5.3116	-6.661
5.3423	-3.763
5.3518	-0.699
5.3741	2.396
5.392	5.385
5.412	8.138
5.4416	10.533
5.452	12.464
5.4743	13.848
5.4922	14.623
5.5124	14.755
5.541	14.239
5.5577	13.096
5.5745	11.378
5.5938	9.159
5.6126	6.538
5.6409	3.63
5.6579	0.561
5.6746	-2.531
5.6929	-5.513
5.7129	-8.252
5.7414	-10.629
5.7579	-12.538
5.7745	-13.896
5.7933	-14.643
5.8135	-14.746
5.8411	-14.201
5.8575	-13.032
5.8746	-11.29
5.8936	-9.051
5.9137	-6.415
5.9425	-3.496
5.9571	-0.424
5.9743	2.667
5.9941	5.64
6.0141	8.366
6.0408	10.724
6.0578	12.61
6.0746	13.942
6.095	14.661
6.1243	14.736
6.1413	14.162
6.1576	12.966
6.1749	11.2
6.1948	8.942
6.2148	6.291
6.241	3.362
6.2574	0.287
6.275	-2.802
6.2951	-5.767
6.3151	-8.479
6.3412	-10.818
6.358	-12.681
6.3753	-13.987
6.3954	-14.678
6.4241	-14.724
6.4411	-14.122
6.4574	-12.9
6.4757	-11.11
6.4958	-8.832
6.5158	-6.166
6.5411	-3.228
6.5583	-0.149
6.5759	2.937
6.5961	5.894
6.6161	8.591
6.6407	10.911
6.6578	12.751
6.6776	14.031
6.6964	14.694
6.7165	14.711
6.7414	14.081
6.758	12.832
6.7766	11.019
6.7967	8.721
6.8167	6.041
6.8412	3.094
6.8578	0.012
6.8771	-3.071
6.908	-6.019
6.9172	-8.703
6.9411	-11.004
6.9578	-12.821
6.9773	-14.074
7.0078	-14.709
7.0175	-14.697
7.042	-14.038
7.0578	-12.763
7.0777	-10.927
7.1078	-8.61
7.1179	-5.915
7.1412	-2.959
7.1579	0.126
7.178	3.206
7.2084	6.145
7.2181	8.814
7.2415	11.095
7.2597	12.888
7.2798	14.115
7.3082	14.722
7.3248	14.681
7.3418	13.995
7.36	12.693
7.3802	10.834
7.4086	8.498
7.4248	5.788
7.4411	2.825
7.4608	-0.263
7.4805	-3.34
7.5078	-6.27
7.5246	-8.924
7.5412	-11.185
7.5607	-12.955
7.5808	-14.156
7.6079	-14.734
7.6247	-14.664
7.6411	-13.95
7.6611	-12.622
7.6912	-10.74
7.7012	-8.385
7.7244	-5.662
7.7417	-2.69
7.7614	0.401
7.7911	3.474
7.8079	6.394
7.8246	9.033
7.842	11.275
7.8619	13.021
7.8918	14.195
7.9091	14.744
7.9247	14.646
7.9422	13.904
7.9623	12.55
7.9823	10.645
8.0081	8.271
8.0249	5.534
8.0425	2.554
8.0626	-0.538
8.0912	-3.607
8.1075	-6.518
8.125	-9.141
8.1429	-11.363
8.1629	-13.086
8.1939	-14.233
8.2079	-14.754
8.2245	-14.627
8.2432	-13.856
8.2635	-12.477
8.2908	-10.549
8.308	-8.157
8.3251	-5.407
8.3436	-2.419
8.3636	0.676
8.3915	3.74
8.408	6.641
8.4248	9.249
8.4439	11.451
8.464	13.149
8.4915	14.269
8.5079	14.762
8.5253	14.606
8.5442	13.808
8.5644	12.403
8.5914	10.452
8.6079	8.042
8.6248	5.278
8.6448	2.283
8.6648	-0.813
8.6913	-3.873
8.7079	-6.763
8.725	-9.356
8.745	-11.537
8.7651	-13.211
8.7909	-14.305
8.808	-14.769
8.8253	-14.584
8.8454	-13.758
8.8744	-12.327
8.8909	-10.354
8.9079	-7.926
8.9257	-5.15
8.9457	-2.147
8.9749	0.95
8.992	4.006
9.0079	6.885
9.026	9.462
9.0461	11.623
9.0749	13.272
9.0915	14.339
9.1079	14.775
9.1263	14.561
9.1464	13.707
9.1747	12.251
9.1914	10.256
9.2081	7.81
9.2267	5.021
9.2468	2.011
9.2749	-1.088
9.2913	-4.138
9.3081	-7.007
9.327	-9.567
9.3471	-11.707
9.3747	-13.332
9.3912	-14.372
9.4082	-14.779
9.4274	-14.536
9.4479	-13.655
9.4748	-12.173
9.4913	-10.156
9.5085	-7.693
9.528	-4.891
9.5481	-1.874
9.5748	1.225
9.5913	4.27
9.6082	7.127
9.6283	9.672
9.6484	11.791
9.6748	13.391
9.6919	14.403
9.7086	14.782
9.7287	14.511
9.7488	13.602
9.7747	12.095
9.7916	10.056
9.809	7.575
9.829	4.761
9.8491	1.738
9.8752	-1.362
9.8916	-4.401
9.9094	-7.248
9.9294	-9.775
9.959	-11.873
9.9697	-13.449
9.9915	-14.434
10.01	-14.784
10.0302	-14.484
10.0582	-13.547
10.075	-12.015
10.0917	-9.955
10.1103	-7.457
10.1304	-4.631
10.158	-1.601
10.1748	1.498
10.1917	4.532
10.2109	7.367
10.2308	9.878
10.2581	11.954
10.2746	13.505
10.2916	14.463
10.311	14.784
10.331	14.456
10.3585	13.492
10.3747	11.934
10.3915	9.853
10.4114	7.338
10.4315	4.5
10.4583	1.465
10.4748	-1.635
10.4916	-4.663
10.5118	-7.486
10.5317	-9.98
10.5582	-12.035
10.5757	-13.561
10.5932	-14.491
10.612	-14.783
10.6416	-14.426
10.6582	-13.435
10.6749	-11.853
10.6922	-9.75
10.7124	-7.218
10.7415	-4.369
10.7525	-1.328
10.7749	1.772
10.7927	4.793
10.8127	7.604
10.8415	10.081
10.8583	12.114
10.8748	13.615
10.8929	14.517
10.9134	14.781
10.9413	14.395
10.9588	13.377
10.9748	11.77
10.9933	9.646
11.0134	7.098
11.0422	4.237
11.058	1.191
11.0745	-1.908
11.0949	-4.923
11.1148	-7.722
11.1416	-10.181
11.158	-12.192
11.1749	-13.668
11.195	-14.543
11.215	-14.778
11.2417	-14.363
11.2581	-13.318
11.2754	-11.686
11.2953	-9.541
11.3154	-6.977
11.3416	-4.105
11.3583	-1.054
11.3789	2.045
11.4081	5.053
11.4247	7.839
11.4414	10.28
11.4592	12.27
11.4791	13.72
11.5081	14.567
11.5251	14.773
11.5418	14.33
11.5595	13.257
11.5795	11.602
11.6084	9.436
11.6249	6.855
11.6414	3.973
11.6598	0.916
11.6806	-2.181
11.7083	-5.182
11.7264	-7.955
11.7425	-10.379
11.7601	-12.346
11.7803	-13.77
11.8083	-14.59
11.8247	-14.767
11.8416	-14.296
11.8604	-13.196
11.8805	-11.516
11.908	-9.329
11.925	-6.733
11.9414	-3.84
11.9609	-0.779
11.9808	2.317
12.0093	5.31
12.025	8.071
12.0415	10.476
12.0611	12.421
12.0811	13.82
12.1083	14.611
12.1247	14.76
12.1421	14.26
12.1614	13.133
12.1815	11.429
12.2084	9.222
12.2252	6.61
12.2417	3.707
12.2617	0.642
12.2818	-2.452
12.3082	-5.438
12.3249	-8.185
12.342	-10.573
12.3621	-12.495
12.3821	-13.868
12.4086	-14.632
12.4245	-14.752
12.4424	-14.223
12.4624	-13.07
12.4824	-11.341
12.5087	-9.114
12.525	-6.487
12.5427	-3.574
12.5628	-0.504
12.5828	2.588
12.6086	5.566
12.6251	8.3
12.643	10.668
12.6631	12.568
12.6831	13.915
12.7082	14.651
12.725	14.742
12.7434	14.185
12.7637	13.005
12.7836	11.253
12.809	9.006
12.8252	6.363
12.8437	3.441
12.8638	0.367
12.8838	-2.723
12.908	-5.693
12.9254	-8.413
12.944	-10.763
12.9754	-12.64
12.9841	-13.961
13.0083	-14.668
13.0253	-14.731
13.0443	-14.146
13.0644	-12.939
13.0925	-11.163
13.1084	-8.896
13.1251	-6.239
13.1447	-3.307
13.1647	-0.229
13.1916	2.858
13.209	5.82
13.2252	8.526
13.245	10.857
13.2752	12.711
13.2919	14.006
13.3088	14.685
13.3253	14.719
13.3453	14.105
13.3752	12.872
13.3856	11.072
13.4087	8.786
13.4256	6.114
13.4457	3.173
13.4751	0.092
13.4858	-2.993
13.5087	-5.946
13.5259	-8.638
13.5461	-10.95
13.5751	-12.78
13.5915	-14.049
13.6083	-14.7
13.6263	-14.705
13.6464	-14.063
13.6751	-12.804
13.6919	-10.981
13.7086	-8.675
13.7266	-5.988
13.7467	-3.038
13.7749	0.046
13.7918	3.127
13.8088	6.072
13.827	8.749
13.8471	11.042
13.8754	12.849
13.8917	14.091
13.9088	14.714
13.9275	14.69
13.9475	14.02
13.975	12.734
13.9917	10.888
14.0087	8.563
14.0277	5.862
14.0478	2.903
14.0751	-0.183
14.0916	-3.262
14.1088	-6.197
14.1282	-8.859
14.1482	-11.133
14.1758	-12.916
14.1914	-14.132
14.2084	-14.727
14.2285	-14.674
14.2486	-13.976
14.2755	-12.664
14.2921	-10.795
14.3088	-8.451
14.3288	-5.736
14.3489	-2.768
14.3757	0.321
14.3914	3.396
14.4091	6.321
14.4291	8.969
14.4492	11.223
14.4752	12.983
14.4917	14.172
14.5094	14.738
14.5302	14.657
14.5586	13.931
14.575	12.592
14.5916	10.7
14.6103	8.338
