0.0  0 
0.136  127 
0.159  127 
0.174  131 
0.197  131 
0.214  131 
0.237  131 
0.259  131 
0.277  131 
0.299  131 
0.317  131 
0.339  131 
0.357  131 
0.379  127 
0.402  122 
0.419  122 
0.442  122 
0.467  117 
0.482  117 
0.506  112 
0.522  112 
0.544  112 
0.567  107 
0.584  107 
0.607  107 
0.629  107 
0.647  107 
0.669  107 
0.687  107 
0.709  107 
0.727  107 
0.749  112 
0.774  112 
0.789  112 
0.812  117 
0.834  117 
0.853  122 
0.874  127 
0.892  127 
0.914  131 
0.937  131 
0.954  131 
0.977  131 
0.986  136 
1.009  131 
1.033  136 
1.056  136 
1.078  131 
1.101  131 
1.121  131 
1.138  131 
1.161  127 
1.169  127 
1.202  127 
1.211  127 
1.234  122 
1.261  127 
1.273  127 
1.297  127 
1.321  122 
1.334  127 
1.358  127 
1.382  127 
1.396  127 
1.419  127 
1.442  131 
1.464  131 
1.482  131 
1.504  131 
1.529  131 
1.544  131 
1.567  131 
1.589  131 
1.607  131 
1.629  131 
1.653  131 
1.668  127 
1.691  122 
1.713  122 
1.731  117 
1.753  117 
1.776  112 
1.793  112 
1.811  112 
1.831  107 
1.853  107 
1.876  107 
1.898  107 
1.916  107 
1.939  107 
1.948  107 
1.979  107 
1.997  107 
2.019  107 
2.037  112 
2.059  112 
2.082  117 
2.099  122 
2.122  122 
2.131  127 
2.171  127 
2.186  127 
2.203  131 
2.226  131 
2.243  131 
2.265  131 
2.274  131 
2.298  136 
2.322  131 
2.336  131 
2.368  131 
2.377  131 
2.401  127 
2.424  131 
2.438  127 
2.462  127 
2.486  127 
2.499  127 
2.523  127 
2.548  127 
2.561  127 
2.601  127 
2.604  127 
2.629  127 
2.643  127 
2.667  127 
2.691  131 
2.704  131 
2.728  131 
2.751  136 
2.773  131 
2.796  131 
2.813  131 
2.836  131 
2.858  131 
2.876  131 
2.898  127 
2.921  127 
2.936  122 
2.958  122 
2.976  122 
2.995  117 
3.022  112 
3.038  112 
3.061  112 
3.083  107 
3.101  107 
3.123  107 
3.141  107 
3.163  107 
3.186  107 
3.203  107 
3.226  107 
3.248  107 
3.266  107 
3.288  112 
3.306  112 
3.328  117 
3.346  117 
3.368  122 
3.391  122 
3.408  127 
3.431  127 
3.453  131 
3.471  131 
3.493  136 
3.511  131 
3.533  131 
3.556  131 
3.573  131 
3.596  136 
3.612  131 
3.626  127 
3.649  127 
3.676  127 
3.697  127 
3.719  127 
3.737  127 
3.759  127 
3.768  127 
3.792  127 
3.816  127 
3.83  127 
3.853  127 
3.883  127 
3.896  127 
3.919  127 
3.933  127 
3.957  131 
3.981  131 
3.994  131 
4.018  131 
4.042  136 
4.059  131 
4.079  131 
4.101  131 
4.123  131 
4.141  131 
4.163  127 
4.186  127 
4.203  122 
4.226  122 
4.243  117 
4.266  117 
4.288  117 
4.306  112 
4.328  112 
4.351  107 
4.368  107 
4.389  107 
4.411  107 
4.433  107 
4.451  107 
4.473  107 
4.496  107 
4.513  107 
4.536  112 
4.558  112 
4.576  112 
4.598  117 
4.616  117 
4.638  122 
4.656  127 
4.678  127 
4.703  127 
4.718  136 
4.741  131 
4.763  131 
4.781  131 
4.803  131 
4.821  136 
4.843  131 
4.852  131 
4.884  131 
4.893  131 
4.917  127 
4.941  127 
4.954  127 
4.991  127 
4.998  127 
5.022  127 
5.046  127 
5.059  127 
5.083  127 
5.107  127 
5.123  127 
5.148  127 
5.161  127 
5.183  127 
5.207  131 
5.221  131 
5.244  131 
5.268  131 
5.282  131 
5.306  131 
5.329  131 
5.353  131 
5.368  131 
5.391  131 
5.413  131 
5.431  127 
5.453  127 
5.476  122 
5.493  122 
5.516  117 
5.538  117 
5.559  117 
5.574  112 
5.597  112 
5.614  107 
5.637  107 
5.659  107 
5.677  107 
5.699  107 
5.722  107 
5.739  107 
5.762  107 
5.781  107 
5.802  112 
5.824  112 
5.842  112 
5.861  117 
5.887  122 
5.904  122 
5.927  127 
5.944  127 
5.967  127 
5.989  131 
6.007  131 
6.029  131 
6.052  131 
6.069  131 
6.083  131 
6.111  136 
6.133  131 
6.151  131 
6.17  131 
6.193  131 
6.207  127 
6.231  127 
6.244  127 
6.268  127 
6.297  127 
6.314  127 
6.337  127 
6.346  127 
6.369  127 
6.393  127 
6.407  127 
6.439  127 
6.448  127 
6.472  127 
6.498  131 
6.511  131 
6.534  131 
6.558  131 
6.572  131 
6.596  136 
6.619  131 
6.633  131 
6.657  131 
6.676  131 
6.702  127 
6.719  127 
6.742  122 
6.759  122 
6.782  122 
6.804  117 
6.822  112 
6.844  112 
6.862  112 
6.884  107 
6.907  107 
6.924  107 
6.947  107 
6.969  107 
6.989  107 
7.012  107 
7.029  107 
7.052  112 
7.069  112 
7.092  112 
7.114  117 
7.132  117 
7.154  122 
7.177  122 
7.194  127 
7.217  127 
7.234  127 
7.257  131 
7.274  131 
7.293  131 
7.319  131 
7.337  131 
7.359  136 
7.382  136 
7.404  131 
7.419  131 
7.442  131 
7.459  127 
7.482  127 
7.504  127 
7.522  127 
7.536  127 
7.56  127 
7.573  127 
7.606  127 
7.614  127 
7.641  127 
7.664  127 
7.678  127 
7.702  127 
7.724  131 
7.738  131 
7.762  131 
7.786  131 
7.799  131 
7.823  131 
7.847  136 
7.862  131 
7.884  131 
7.908  131 
7.922  131 
7.946  131 
7.969  127 
7.987  127 
8.009  122 
8.032  122 
8.049  117 
8.072  117 
8.094  112 
8.119  112 
8.134  112 
8.157  107 
8.172  107 
8.194  107 
8.217  107 
8.234  107 
8.257  107 
8.279  112 
8.297  112 
8.319  112 
8.342  112 
8.357  112 
8.379  117 
8.402  122 
8.427  122 
8.442  127 
8.464  127 
8.482  127 
8.504  131 
8.527  131 
8.542  131 
8.564  136 
8.587  131 
8.604  136 
8.627  136 
8.649  131 
8.667  131 
8.689  131 
8.698  131 
8.731  127 
8.751  127 
8.768  127 
8.791  127 
8.813  127 
8.831  131 
8.853  127 
8.862  127 
8.894  127 
8.912  127 
8.934  127 
8.957  127 
8.974  127 
8.999  131 
9.008  131 
9.032  131 
9.046  131 
9.069  131 
9.093  131 
9.123  131 
9.126  131 
9.148  131 
9.181  131 
9.19  131 
9.213  131 
9.237  127 
9.251  122 
9.274  122 
9.297  122 
9.319  117 
9.342  117 
9.359  112 
9.382  112 
9.404  112 
9.422  107 
9.444  112 
9.467  107 
9.482  107 
9.501  107 
9.522  107 
9.544  107 
9.567  107 
9.584  112 
9.607  112 
9.629  112 
9.647  117 
9.669  122 
9.687  122 
9.709  122 
9.732  127 
9.749  127 
9.772  131 
9.794  131 
9.814  131 
9.837  136 
9.852  131 
9.874  131 
9.897  131 
9.914  131 
9.937  131 
9.959  131 
9.977  131 
9.991  127 
10.014  127 
10.037  127 
10.059  127 
10.082  127 
10.099  127 
10.122  127 
10.138  127 
10.152  122 
10.176  127 
10.199  127 
10.222  127 
10.244  131 
10.253  131 
10.281  131 
10.294  131 
10.321  131 
10.343  131 
10.357  131 
10.381  131 
10.404  131 
10.418  131 
10.442  131 
10.466  131 
10.479  127 
10.503  127 
10.527  122 
10.541  122 
10.564  117 
10.588  117 
10.606  117 
10.628  112 
10.653  112 
10.668  112 
10.691  112 
10.713  107 
10.731  112 
10.753  107 
10.776  107 
10.791  107 
10.813  112 
10.836  112 
10.853  112 
10.876  112 
10.898  117 
10.916  117 
10.938  122 
10.963  127 
10.978  127 
11.002  127 
11.018  127 
11.041  131 
11.063  131 
11.081  136 
11.103  131 
11.126  136 
11.143  136 
11.161  131 
11.183  131 
11.206  131 
11.223  131 
11.246  131 
11.271  127 
11.286  127 
11.308  127 
11.317  127 
11.349  127 
11.367  127 
11.389  127 
11.412  127 
11.429  127 
11.443  127 
11.467  127 
11.481  127 
11.504  131 
11.531  131 
11.561  131 
11.576  131 
11.593  131 
11.607  131 
11.631  131 
11.647  131 
11.671  136 
11.694  131 
11.708  131 
11.732  131 
11.756  131 
11.77  127 
11.793  127 
11.817  122 
11.832  122 
11.854  117 
11.878  117 
11.892  117 
11.919  117 
11.937  112 
11.959  107 
11.977  107 
11.999  107 
12.022  107 
12.039  107 
12.062  112 
12.087  112 
12.102  112 
12.124  117 
12.142  117 
12.164  117 
12.187  122 
12.204  122 
12.227  122 
12.249  127 
12.267  127 
12.284  131 
12.307  131 
12.329  131 
12.347  131 
12.369  131 
12.394  131 
12.409  131 
12.432  131 
12.454  131 
12.472  131 
12.494  131 
12.512  131 
12.534  127 
12.557  127 
12.574  127 
12.597  127 
12.606  127 
12.638  127 
12.656  127 
12.678  127 
12.701  127 
12.721  127 
12.729  127 
12.753  127 
12.777  127 
12.791  127 
12.814  131 
12.842  131 
12.863  131 
12.872  131 
12.896  131 
12.92  131 
12.933  131 
12.957  131 
12.981  131 
12.995  127 
13.018  127 
13.042  127 
13.066  127 
13.08  122 
13.103  117 
13.127  117 
13.141  117 
13.165  112 
13.188  112 
13.202  112 
13.224  112 
13.244  107 
13.269  107 
13.287  112 
13.309  107 
13.332  112 
13.349  112 
13.372  112 
13.394  112 
13.41  117 
13.432  117 
13.454  122 
13.472  122 
13.494  122 
13.517  127 
13.534  131 
13.554  131 
13.579  131 
13.594  131 
13.617  131 
13.639  131 
13.657  131 
13.679  136 
13.702  136 
13.719  131 
13.742  136 
13.764  131 
13.78  127 
13.802  131 
13.824  127 
13.842  127 
13.861  127 
13.887  127 
13.904  127 
13.927  127 
13.936  127 
13.968  127 
13.986  127 
14.008  127 
14.031  127 
14.049  127 
14.062  131 
14.086  131 
14.1  131 
14.12  131 
14.152  131 
14.161  131 
14.193  131 
14.202  131 
14.226  127 
14.242  131 
14.266  131 
14.29  127 
14.313  127 
14.327  122 
14.351  122 
14.375  122 
14.388  117 
14.412  112 
14.436  112 
14.45  112 
14.473  112 
14.497  112 
14.511  112 
14.533  107 
14.556  107 
14.578  107 
14.596  112 
14.618  112 
14.641  112 
14.658  112 
14.681  117 
14.7  122 
14.721  122 
14.743  122 
14.761  127 
14.783  127 
14.806  127 
14.823  131 
14.846  131 
14.868  131 
14.886  131 
14.903  136 
14.926  131 
14.948  131 
14.969  136 
14.989  131 
15.009  131 
15.031  131 
15.052  131 
15.061  127 
15.087  127 
15.113  127 
15.131  127 
15.153  127 
15.171  131 
15.193  127 
15.216  127 
15.233  127 
15.256  131 
15.278  127 
15.296  131 
15.316  131 
15.338  131 
15.352  131 
15.378  136 
15.401  131 
15.41  131 
15.433  131 
15.46  131 
15.481  131 
15.495  131 
15.519  131 
15.532  127 
15.556  127 
15.58  127 
15.593  122 
15.617  117 
15.641  117 
15.665  117 
15.678  117 
15.702  112 
15.716  112 
15.74  112 
15.763  107 
15.787  107 
15.801  112 
15.825  112 
15.85  112 
15.865  112 
15.887  112 
15.905  112 
15.927  117 
15.95  117 
15.967  122 
15.99  122 
16.012  122 
16.03  127 
16.052  127 
16.07  127 
16.092  131 
16.115  131 
16.132  131 
16.153  136 
16.175  131 
16.197  136 
16.215  136 
16.237  136 
16.255  131 
16.277  131 
16.3  131 
16.317  127 
16.339  127 
16.363  127 
16.379  127 
16.402  127 
16.419  127 
16.442  127 
16.467  127 
16.482  127 
16.504  127 
16.513  131 
16.546  131 
16.555  131 
16.587  131 
16.604  131 
16.627  131 
16.649  131 
16.668  131 
16.681  131 
16.703  131 
16.727  131 
16.741  131 
16.767  131 
16.788  131 
16.811  127 
16.825  127 
16.841  127 
16.865  122 
16.888  122 
16.912  117 
16.926  122 
16.95  117 
16.963  112 
16.996  112 
17.005  112 
17.037  112 
17.046  112 
17.07  107 
17.093  112 
17.107  112 
17.131  112 
17.153  112 
17.176  117 
17.198  117 
17.216  117 
17.238  122 
17.261  122 
17.286  127 
17.301  127 
17.323  127 
17.338  131 
17.361  131 
17.378  131 
17.401  136 
17.423  131 
17.441  131 
17.463  131 
17.486  131 
17.503  131 
17.526  131 
17.543  131 
17.566  131 
17.591  131 
17.606  127 
17.628  127 
17.651  127 
17.668  127 
17.691  127 
17.708  127 
17.731  127 
17.753  127 
17.771  127 
17.793  127 
17.816  131 
17.833  131 
17.847  131 
17.871  131 
17.893  131 
17.913  136 
17.936  131 
17.96  131 
17.968  131 
17.992  131 
18.016  131 
18.03  131 
18.053  131 
18.081  127 
18.098  127 
18.121  122 
18.13  122 
18.162  117 
18.171  117 
18.195  117 
18.218  117 
18.232  112 
18.256  112 
18.28  112 
18.303  107 
18.317  112 
18.341  112 
18.365  112 
18.378  112 
18.402  112 
18.418  117 
18.442  117 
18.465  117 
18.488  122 
18.504  122 
18.526  122 
18.548  127 
18.566  127 
18.588  131 
18.611  131 
18.628  131 
18.651  131 
18.668  131 
18.691  131 
18.713  131 
18.731  131 
18.751  131 
18.773  131 
18.796  131 
18.818  131 
18.833  131 
18.856  127 
18.873  127 
18.896  127 
18.918  127 
18.936  127 
18.958  127 
18.981  127 
18.998  127 
19.021  127 
19.038  131 
19.058  127 
19.081  131 
19.103  131 
19.113  131 
19.136  131 
19.16  131 
19.173  131 
19.206  136 
19.223  131 
19.244  131 
19.265  131 
19.287  131 
19.296  131 
19.328  127 
19.337  127 
19.361  127 
19.387  122 
19.408  122 
19.431  122 
19.447  117 
19.461  117 
19.485  117 
19.508  112 
19.522  112 
19.546  112 
19.57  112 
19.584  112 
19.607  112 
19.631  112 
19.645  112 
19.668  112 
19.692  112 
19.706  117 
19.73  117 
19.753  122 
19.771  122 
19.793  122 
19.816  127 
19.833  127 
19.856  131 
19.878  131 
19.896  131 
19.915  131 
19.941  136 
19.956  131 
19.978  136 
20.001  136 
20.018  131 
20.041  131 
20.063  131 
20.081  131 
20.103  127 
20.126  127 
20.141  127 
20.163  127 
20.186  127 
20.203  127 
20.222  127 
20.248  127 
20.266  127 
20.288  127 
20.311  127 
20.326  127 
20.348  131 
20.372  131 
20.388  131 
20.411  131 
20.433  131 
20.451  131 
20.473  131 
20.496  131 
20.521  131 
20.542  131 
20.557  131 
20.574  131 
20.588  131 
20.612  127 
20.626  127 
20.65  122 
20.673  127 
20.696  117 
20.718  117 
20.732  117 
20.756  112 
20.77  112 
20.793  112 
20.817  112 
20.831  112 
20.855  112 
20.878  112 
20.892  112 
20.916  112 
20.94  117 
20.953  117 
20.977  117 
21.001  117 
21.025  117 
21.041  122 
21.065  122 
21.08  127 
21.103  127 
21.127  131 
21.142  127 
21.166  131 
21.183  131 
21.206  131 
21.228  136 
21.246  131 
21.268  136 
21.286  131 
21.308  131 
21.331  131 
21.348  131 
21.371  131 
21.396  131 
21.411  127 
21.433  131 
21.451  127 
21.473  127 
21.496  127 
21.515  127 
21.536  127 
21.558  127 
21.576  127 
21.598  131 
21.621  127 
21.636  131 
21.658  131 
21.681  131 
21.706  131 
21.721  131 
21.743  131 
21.761  131 
21.783  131 
21.801  131 
21.823  131 
21.846  131 
21.863  127 
21.877  127 
21.901  127 
21.915  122 
21.938  122 
21.962  117 
21.986  117 
22.008  117 
22.017  117 
22.041  112 
22.065  112 
22.078  112 
22.102  112 
22.126  112 
22.142  107 
22.166  112 
22.18  112 
22.203  112 
22.227  117 
22.251  117 
22.265  122 
22.288  122 
22.312  127 
22.326  127 
22.35  127 
22.373  127 
22.391  131 
22.413  131 
22.431  131 
22.453  131 
22.476  131 
22.493  131 
22.516  131 
22.538  131 
22.556  131 
22.575  131 
22.596  131 
22.618  131 
22.641  127 
22.663  131 
22.681  127 
22.703  127 
22.721  127 
22.743  127 
22.761  127 
22.783  127 
22.802  127 
22.823  131 
22.846  131 
22.863  131 
22.882  131 
22.908  131 
22.926  131 
22.948  131 
22.966  131 
22.988  131 
23.011  131 
23.028  131 
23.051  131 
23.08  131 
23.095  131 
23.112  131 
23.135  127 
23.152  127 
23.176  127 
23.191  122 
23.205  122 
23.228  117 
23.252  117 
23.266  117 
23.29  112 
23.316  112 
23.337  112 
23.36  112 
23.377  112 
23.399  112 
23.408  112 
23.432  112 
23.456  112 
23.47  112 
23.493  117 
23.517  117 
23.541  117 
23.555  122 
23.579  122 
23.602  127 
23.616  127 
23.64  127 
23.663  131 
23.677  131 
23.702  131 
23.726  131 
23.741  131 
23.763  131 
23.787  131 
23.802  131 
23.825  131 
23.847  131 
23.865  131 
23.887  131 
23.905  131 
23.927  131 
23.95  131 
23.967  127 
23.99  127 
24.012  127 
24.032  127 
24.055  127 
24.07  131 
24.092  127 
24.11  131 
24.132  131 
24.155  131 
24.172  131 
24.195  131 
24.218  131 
24.235  131 
24.257  131 
24.28  136 
24.297  136 
24.32  131 
24.339  136 
24.364  131 
24.371  127 
24.403  127 
24.412  127 
24.439  122 
24.46  122 
24.482  122 
24.505  122 
24.513  117 
24.537  117 
24.561  112 
24.575  112 
24.598  107 
24.625  112 
24.647  112 
24.656  112 
24.688  112 
24.697  112 
24.721  112 
24.737  117 
24.761  117 
24.785  117 
24.798  122 
24.822  122 
24.846  127 
24.87  127 
24.883  127 
24.907  127 
24.931  131 
24.945  136 
24.968  131 
24.992  136 
25.01  136 
25.032  136 
25.05  131 
25.072  131 
25.095  131 
25.112  131 
25.135  131 
25.157  131 
25.182  131 
25.197  127 
25.215  127 
25.238  127 
25.26  131 
25.277  127 
25.3  131 
25.322  127 
25.34  127 
25.362  127 
25.38  131 
25.402  131 
25.42  131 
25.442  131 
25.465  131 
25.49  131 
25.505  131 
25.527  131 
25.545  131 
25.567  131 
25.585  131 
25.607  131 
25.64  127 
25.65  127 
25.667  127 
25.69  127 
25.712  122 
25.73  122 
25.752  122 
25.77  117 
25.79  117 
25.812  117 
25.826  112 
25.852  112 
25.865  112 
25.888  112 
25.912  112 
25.935  112 
25.957  112 
25.966  112 
25.99  112 
26.013  117 
26.027  117 
26.051  117 
26.075  122 
26.088  122 
26.112  127 
26.139  127 
26.151  127 
26.175  127 
26.198  131 
26.212  131 
26.236  131 
26.26  131 
26.273  131 
26.3  131 
26.317  131 
26.341  131 
26.365  131 
26.38  131 
26.403  131 
26.421  131 
26.443  127 
26.466  127 
26.483  127 
26.506  131 
26.523  127 
26.546  131 
26.568  127 
26.586  127 
26.608  127 
26.631  131 
26.651  131 
26.673  131 
26.688  136 
26.712  131 
26.728  131 
26.751  131 
26.773  131 
26.791  131 
26.813  131 
26.836  131 
26.853  131 
26.876  131 
26.893  131 
26.921  131 
26.935  127 
26.954  127 
26.98  122 
26.997  122 
27.02  117 
27.042  117 
27.06  117 
27.082  117 
27.1  112 
27.122  117 
27.145  112 
27.162  112 
27.186  112 
27.193  112 
27.217  112 
27.244  112 
27.265  117 
27.281  117 
27.295  117 
27.318  117 
27.342  122 
27.366  122 
27.38  122 
27.399  127 
27.421  127 
27.445  131 
27.468  131 
27.482  131 
27.506  131 
27.53  131 
27.543  131 
27.567  136 
27.591  131 
27.605  131 
27.627  131 
27.65  131 
27.672  131 
27.69  127 
27.712  131 
27.735  131 
27.76  127 
27.775  127 
27.797  127 
27.812  131 
27.835  127 
27.857  127 
27.875  127 
27.897  131 
27.92  131 
27.937  131 
27.96  131 
27.982  131 
27.997  131 
28.02  136 
28.042  131 
28.067  131 
28.082  131 
28.105  131 
28.122  131 
28.145  131 
28.167  131 
28.182  131 
28.204  127 
28.225  127 
28.247  122 
28.27  122 
28.287  122 
28.31  117 
28.318  117 
28.342  117 
28.37  112 
28.395  112 
28.41  112 
28.432  112 
28.441  112 
28.473  112 
28.482  112 
28.507  117 
28.53  117 
28.552  117 
28.575  122 
28.597  122 
28.615  122 
28.637  127 
28.646  127 
28.67  127 
28.693  131 
28.707  131 
28.731  131 
28.758  131 
28.77  131 
28.793  136 
28.81  136 
28.833  131 
28.857  131 
28.871  131 
28.895  131 
28.918  131 
28.936  131 
28.958  131 
28.981  131 
28.998  127 
29.021  131 
29.043  127 
29.061  127 
29.084  127 
29.106  127 
29.121  131 
29.143  127 
29.166  127 
29.186  131 
29.208  131 
29.226  131 
29.248  131 
29.271  131 
29.288  131 
29.311  131 
29.328  131 
29.351  131 
29.373  131 
29.391  131 
29.413  131 
29.436  131 
29.453  127 
29.481  127 
29.501  122 
29.516  122 
29.538  122 
29.556  117 
29.578  122 
29.587  112 
29.611  112 
29.635  117 
29.648  112 
29.681  112 
29.698  112 
29.721  112 
29.73  112 
29.762  112 
29.771  117 
29.795  117 
29.818  117 
29.832  117 
29.865  122 
29.873  122 
29.9  127 
29.923  127 
29.937  127 
29.961  131 
