14.057	0.171	0.014
12.794	0.039	0.168
10.969	-0.172	-0.005
8.662	0.119	-0.124
5.974	-0.052	0.164
3.025	0.02	-0.171
-0.058	-0.01	0.172
-3.138	-0.001	-0.172
-6.08	0.035	0.168
-8.755	-0.107	-0.135
-11.046	0.172	0.009
-12.851	-0.048	0.165
-14.092	-0.172	0.008
-14.714	-0.144	-0.094
-14.69	-0.146	-0.09
-14.021	-0.171	0.02
-12.735	-0.029	0.17
-10.891	0.171	-0.018
-8.568	-0.13	-0.113
-5.868	0.069	0.157
-2.911	-0.039	-0.167
0.174	0.03	0.169
3.251	-0.019	-0.171
6.186	-0.017	0.171
8.848	0.094	-0.144
11.123	-0.171	0.022
12.908	0.058	0.162
14.127	0.172	0.002
14.725	0.143	-0.095
14.677	0.148	-0.088
13.983	0.17	0.026
12.676	0.019	0.171
10.812	-0.169	-0.031
8.473	0.14	-0.1
5.762	-0.086	0.149
2.797	0.058	-0.162
-0.29	-0.049	0.165
-3.364	0.038	-0.168
-6.291	-0.001	0.172
-8.941	-0.08	-0.152
-11.199	0.168	0.035
-12.964	-0.067	0.159
-14.161	-0.172	-0.004
-14.735	-0.142	-0.097
-14.662	-0.149	-0.086
-13.945	-0.169	0.033
-12.616	-0.009	0.172
-10.733	0.166	-0.045
-8.378	-0.149	-0.086
-5.655	0.101	0.139
-2.684	-0.076	-0.154
0.405	0.068	0.158
3.477	-0.057	-0.162
6.395	0.019	0.171
9.033	0.066	-0.159
11.274	-0.165	0.047
13.02	0.075	0.155
14.194	0.172	-0.01
14.744	0.141	-0.098
14.647	0.15	-0.084
13.906	0.167	0.039
12.555	-0.002	0.172
10.652	-0.162	-0.058
8.282	0.156	-0.071
5.548	-0.115	0.128
2.57	0.093	-0.145
-0.521	-0.086	0.149
-3.589	0.074	-0.155
-6.5	-0.037	0.168
-9.124	-0.051	-0.164
-11.348	0.161	0.059
-13.074	-0.084	0.15
-14.225	-0.171	-0.015
-14.752	-0.14	-0.099
-14.631	-0.151	-0.081
-13.867	-0.166	0.046
-12.494	0.013	0.172
-10.572	0.157	-0.071
-8.186	-0.163	-0.056
-5.44	0.128	0.114
-2.455	-0.109	-0.133
0.637	0.102	0.138
3.702	-0.091	-0.146
6.603	0.054	0.163
9.215	0.036	-0.168
11.422	-0.157	0.071
13.128	0.092	0.146
14.257	0.171	-0.02
14.759	0.14	-0.1
14.614	0.153	-0.079
13.826	0.164	0.053
12.431	-0.023	0.17
10.491	-0.151	-0.083
8.089	0.167	-0.04
5.332	-0.14	0.1
2.341	0.123	-0.12
-0.753	-0.118	0.126
-3.814	0.107	-0.135
-6.707	-0.071	0.157
-9.306	-0.02	-0.171
-11.496	0.151	0.082
-13.181	-0.099	0.141
-14.287	-0.17	-0.026
-14.765	-0.139	-0.101
-14.596	-0.154	-0.076
-13.785	-0.161	0.059
-12.368	0.034	0.169
-10.409	0.143	-0.095
-7.992	-0.17	-0.024
-5.224	0.15	0.084
-2.227	-0.136	-0.105
0.868	0.131	0.111
3.925	-0.121	-0.122
6.81	0.086	0.149
9.395	0.005	-0.172
11.568	-0.145	0.093
13.233	0.106	0.135
14.316	0.169	-0.031
14.771	0.139	-0.102
14.577	0.156	-0.073
13.742	0.159	0.066
12.304	-0.045	0.166
10.326	-0.135	-0.107
7.894	0.172	-0.007
5.115	-0.158	0.067
2.112	0.147	-0.089
-0.984	-0.143	0.095
-4.037	0.134	-0.108
-6.913	-0.101	0.139
-9.485	0.01	-0.172
-11.64	0.138	0.103
-13.284	-0.113	0.13
-14.345	-0.168	-0.035
-14.775	-0.138	-0.102
-14.557	-0.157	-0.07
-13.699	-0.156	0.073
-12.24	0.055	0.163
-10.243	0.126	-0.118
-7.796	-0.172	0.01
-5.006	0.165	0.05
-1.997	-0.157	-0.071
1.1	0.153	0.078
4.148	-0.145	-0.092
7.015	0.115	0.128
9.573	-0.025	-0.17
11.711	-0.13	0.113
13.334	0.119	0.124
14.372	0.167	-0.04
14.779	0.138	-0.103
14.536	0.158	-0.067
13.655	0.152	0.08
12.174	-0.066	0.159
10.159	-0.115	-0.128
7.697	0.17	0.027
4.897	-0.169	0.032
1.882	0.164	-0.053
-1.215	-0.161	0.06
-4.259	0.155	-0.075
-7.117	-0.127	0.116
-9.661	0.04	-0.167
-11.781	0.122	0.122
-13.384	-0.125	0.118
-14.399	-0.166	-0.045
-14.781	-0.138	-0.103
-14.515	-0.16	-0.063
-13.61	-0.149	0.086
-12.108	0.076	0.154
-10.074	0.104	-0.137
-7.598	-0.166	0.044
-4.788	0.172	0.013
-1.767	-0.169	-0.034
1.331	0.167	0.041
4.37	-0.162	-0.058
7.218	0.138	0.102
9.749	-0.055	-0.163
11.851	-0.113	0.13
13.433	0.131	0.111
14.425	0.165	-0.049
14.783	0.137	-0.104
14.492	0.161	-0.06
13.565	0.145	0.093
12.041	-0.086	0.149
9.989	-0.092	-0.145
7.498	0.161	0.06
4.678	-0.172	-0.006
1.652	0.171	-0.014
-1.446	-0.171	0.021
-4.481	0.167	-0.039
-7.319	-0.148	0.088
-9.835	0.069	-0.158
-11.92	0.104	0.137
-13.481	-0.136	0.105
-14.45	-0.164	-0.053
-14.784	-0.137	-0.104
-14.469	-0.163	-0.056
-13.518	-0.14	0.1
-11.974	0.096	0.143
-9.904	0.079	-0.153
-7.398	-0.154	0.076
-4.568	0.17	-0.025
-1.537	-0.172	0.006
1.561	0.172	0.002
4.591	-0.171	-0.021
7.419	0.156	0.072
9.922	-0.082	-0.151
11.988	-0.094	0.144
13.528	0.141	0.098
14.474	0.162	-0.057
14.784	0.137	-0.104
14.445	0.164	-0.052
13.471	0.135	0.106
11.906	-0.106	0.136
9.817	-0.066	-0.159
7.298	0.146	0.091
4.458	-0.166	-0.043
1.422	0.17	0.026
-1.676	-0.171	-0.018
-4.701	0.172	-0.002
-7.519	-0.162	0.057
-10.007	0.095	-0.144
-12.055	0.084	0.15
-13.574	-0.145	0.092
-14.497	-0.161	-0.061
-14.783	-0.137	-0.104
-14.419	-0.165	-0.048
-13.423	-0.13	0.113
-11.836	0.115	0.128
-9.73	0.052	-0.164
-7.197	-0.136	0.105
-4.347	0.161	-0.061
-1.306	-0.166	0.045
1.791	0.168	-0.038
4.811	-0.171	0.017
7.619	0.167	0.04
10.092	-0.106	-0.135
12.122	-0.074	0.155
13.62	0.149	0.085
14.519	0.16	-0.064
14.781	0.138	-0.103
14.393	0.166	-0.044
13.374	0.124	0.119
11.767	-0.123	0.12
9.643	-0.037	-0.168
7.095	0.125	0.118
4.236	-0.153	-0.079
1.191	0.16	0.064
-1.906	-0.162	-0.057
-4.92	0.168	0.035
-7.718	-0.17	0.023
-10.176	0.117	-0.126
-12.188	0.064	0.16
-13.664	-0.153	0.078
-14.541	-0.158	-0.068
-14.778	-0.138	-0.103
-14.367	-0.167	-0.039
-13.324	-0.118	0.125
-11.696	0.131	0.111
-9.555	0.022	-0.171
-6.993	-0.112	0.13
-4.125	0.143	-0.095
-1.075	-0.151	0.082
2.021	0.155	-0.075
5.029	-0.163	0.054
7.816	0.172	0.006
10.26	-0.128	-0.115
12.253	-0.053	0.164
13.708	0.156	0.072
14.561	0.157	-0.071
14.774	0.138	-0.102
14.339	0.169	-0.034
13.273	0.112	0.131
11.625	-0.139	0.101
9.466	-0.007	-0.172
6.891	0.098	0.141
4.014	-0.132	-0.111
0.96	0.141	0.099
-2.136	-0.145	-0.092
-5.138	0.157	0.071
-7.915	-0.172	-0.01
-10.343	0.137	-0.104
-12.318	0.042	0.167
-13.751	-0.159	0.065
-14.581	-0.155	-0.074
-14.77	-0.139	-0.102
-14.31	-0.169	-0.03
-13.222	-0.105	0.136
-11.553	0.146	0.091
-9.377	-0.008	-0.172
-6.788	-0.083	0.151
-3.902	0.119	-0.125
-0.844	-0.129	0.114
2.251	0.134	-0.108
5.247	-0.148	0.088
8.012	0.17	-0.027
10.426	-0.145	-0.093
12.381	-0.032	0.169
13.793	0.162	0.058
14.599	0.154	-0.077
14.764	0.139	-0.101
14.281	0.17	-0.025
13.17	0.098	0.142
11.48	-0.152	0.08
9.287	0.024	-0.17
6.685	0.067	0.158
3.79	-0.104	-0.137
0.729	0.115	0.128
-2.365	-0.121	-0.123
-5.355	0.138	0.103
-8.109	-0.166	-0.043
-10.508	0.152	-0.081
-12.444	0.021	0.171
-13.835	-0.164	0.051
-14.617	-0.153	-0.079
-14.758	-0.14	-0.1
-14.25	-0.171	-0.019
-13.117	-0.09	0.147
-11.407	0.158	0.069
-9.196	-0.039	-0.168
-6.582	-0.051	0.164
-3.678	0.088	-0.148
-0.613	-0.099	0.141
2.479	0.106	-0.136
5.463	-0.126	0.117
8.206	0.161	-0.059
10.589	-0.158	-0.068
12.507	-0.01	0.172
13.875	0.166	0.045
14.634	0.151	-0.082
14.75	0.141	-0.099
14.219	0.171	-0.014
13.063	0.082	0.151
11.333	-0.162	0.057
9.105	0.054	-0.163
6.478	0.033	0.169
3.566	-0.071	-0.157
0.497	0.082	0.151
-2.593	-0.09	-0.147
-5.57	0.113	0.13
-8.302	-0.155	-0.075
-10.669	0.163	-0.055
-12.568	-0.0	0.172
-13.915	-0.168	0.038
-14.65	-0.15	-0.084
-14.742	-0.141	-0.098
-14.187	-0.172	-0.009
-13.008	-0.074	0.155
-11.258	0.166	0.045
-9.014	-0.069	-0.158
-6.373	-0.015	0.171
-3.453	0.053	-0.164
-0.381	-0.064	0.16
2.707	0.072	-0.156
5.677	-0.098	0.141
8.398	0.147	-0.089
10.749	-0.167	-0.042
12.629	0.011	0.172
13.953	0.169	0.031
14.665	0.149	-0.087
14.733	0.142	-0.097
14.154	0.172	-0.003
12.953	0.065	0.159
11.183	-0.169	0.032
8.922	0.083	-0.151
6.269	-0.002	0.172
3.34	-0.034	-0.169
0.265	0.045	0.166
-2.821	-0.054	-0.163
-5.784	0.082	0.151
-8.493	-0.138	-0.103
-10.828	0.17	-0.029
-12.688	-0.021	0.171
-13.991	-0.17	0.025
-14.679	-0.147	-0.089
-14.723	-0.143	-0.095
-14.12	-0.172	0.003
-12.896	-0.056	0.163
-11.107	0.171	0.019
-8.829	-0.097	-0.142
-6.164	0.021	0.171
-3.227	0.015	-0.171
-0.15	-0.026	0.17
2.935	0.035	-0.168
5.89	-0.066	0.159
8.587	0.128	-0.115
10.907	-0.171	-0.015
12.748	0.031	0.169
14.028	0.171	0.019
14.693	0.146	-0.091
14.712	0.144	-0.094
14.085	0.172	0.009
12.839	0.046	0.166
11.03	-0.172	0.006
8.736	0.109	-0.133
6.058	-0.038	0.168
3.114	0.005	-0.172
0.034	0.006	0.172
-3.048	-0.016	-0.171
-5.997	0.049	0.165
-8.681	-0.116	-0.127
-10.985	0.172	-0.002
-12.806	-0.041	0.167
-14.064	-0.172	0.013
-14.705	-0.145	-0.093
-14.7	-0.145	-0.092
-14.049	-0.171	0.015
-12.782	-0.037	0.168
-10.952	0.172	-0.007
-8.642	-0.121	-0.122
-5.952	0.056	0.163
-3.001	-0.024	-0.17
0.082	0.014	0.171
3.162	-0.003	-0.172
6.102	-0.031	0.169
8.775	0.104	-0.137
11.062	-0.172	0.011
12.863	0.05	0.164
14.1	0.172	0.006
14.717	0.144	-0.094
14.687	0.147	-0.09
14.013	0.171	0.021
12.723	0.027	0.17
10.874	-0.171	-0.021
8.548	0.132	-0.11
5.846	-0.073	0.156
2.887	0.043	-0.166
-0.198	-0.034	0.169
-3.275	0.023	-0.17
-6.208	0.013	0.172
-8.868	-0.091	-0.146
-11.139	0.17	0.025
-12.92	-0.06	0.161
-14.134	-0.172	0.001
-14.727	-0.143	-0.096
-14.674	-0.148	-0.088
-13.975	-0.17	0.028
-12.663	-0.017	0.171
-10.795	0.169	-0.034
-8.453	-0.142	-0.097
-5.739	0.089	0.147
-2.774	-0.062	-0.16
0.314	0.053	0.164
3.388	-0.042	-0.167
6.313	0.005	0.172
8.96	0.077	-0.154
11.214	-0.168	0.037
12.976	0.068	0.158
14.168	0.172	-0.005
14.737	0.142	-0.097
14.659	0.149	-0.086
13.937	0.169	0.034
12.603	0.006	0.172
10.716	-0.165	-0.047
8.358	0.151	-0.083
5.632	-0.104	0.137
2.66	0.08	-0.152
-0.43	-0.072	0.156
-3.5	0.06	-0.161
-6.417	-0.023	0.17
-9.052	-0.063	-0.16
-11.29	0.165	0.05
-13.031	-0.077	0.154
-14.2	-0.172	-0.011
-14.746	-0.141	-0.098
-14.644	-0.15	-0.083
-13.898	-0.167	0.041
-12.542	0.004	0.172
-10.636	0.161	-0.061
-8.262	-0.158	-0.068
-5.525	0.118	0.125
-2.546	-0.097	-0.142
0.546	0.089	0.147
3.613	-0.078	-0.153
6.521	0.041	0.167
9.143	0.048	-0.165
11.364	-0.16	0.062
13.085	0.085	0.149
14.232	0.171	-0.016
14.754	0.14	-0.099
14.627	0.152	-0.081
13.858	0.165	0.047
12.481	-0.015	0.171
10.555	-0.156	-0.073
8.165	0.164	-0.053
5.417	-0.131	0.111
2.431	0.112	-0.13
-0.661	-0.106	0.136
-3.725	0.095	-0.144
-6.625	-0.058	0.162
-9.234	-0.033	-0.169
-11.438	0.155	0.074
-13.139	-0.093	0.145
-14.263	-0.171	-0.022
-14.761	-0.14	-0.1
-14.61	-0.153	-0.078
-13.817	-0.163	0.054
-12.418	0.025	0.17
-10.473	0.149	-0.086
-8.069	-0.168	-0.037
-5.309	0.142	0.097
-2.317	-0.126	-0.117
0.777	0.121	0.123
3.837	-0.11	-0.132
6.729	0.074	0.155
9.324	0.017	-0.171
11.511	-0.15	0.085
13.192	0.101	0.139
14.293	0.17	-0.027
14.767	0.139	-0.101
14.592	0.155	-0.076
13.776	0.161	0.061
12.355	-0.036	0.168
10.391	-0.142	-0.098
7.971	0.171	-0.02
5.201	-0.152	0.081
2.203	0.139	-0.102
-0.893	-0.134	0.108
-3.949	0.124	-0.119
-6.831	-0.09	0.147
-9.414	-0.002	-0.172
-11.583	0.143	0.095
-13.244	-0.108	0.134
-14.322	-0.169	-0.032
-14.772	-0.139	-0.102
-14.573	-0.156	-0.073
-13.733	-0.158	0.068
-12.291	0.047	0.166
-10.309	0.133	-0.109
-7.873	-0.172	-0.003
-5.093	0.16	0.064
-2.088	-0.15	-0.085
1.008	0.146	0.092
4.06	-0.137	-0.104
6.934	0.104	0.137
9.503	-0.013	-0.171
11.655	-0.136	0.105
13.295	0.114	0.128
14.351	0.168	-0.036
14.776	0.138	-0.103
14.553	0.157	-0.069
13.69	0.155	0.074
12.226	-0.057	0.162
10.225	-0.123	-0.12
7.775	0.171	0.014
4.984	-0.166	0.046
1.973	0.158	-0.067
-1.124	-0.155	0.074
-4.172	0.147	-0.089
-7.036	-0.118	0.126
-9.592	0.029	-0.17
-11.726	0.128	0.115
-13.345	-0.121	0.122
-14.378	-0.167	-0.041
-14.779	-0.138	-0.103
-14.532	-0.159	-0.066
-13.646	-0.152	0.081
-12.161	0.068	0.158
-10.141	0.113	-0.13
-7.676	-0.169	0.03
-4.874	0.17	0.028
-1.858	-0.165	-0.049
1.239	0.163	0.056
4.283	-0.156	-0.072
7.138	0.13	0.113
9.679	-0.043	-0.166
11.796	-0.12	0.123
13.394	0.127	0.116
